shape_id,shape_pt_lat,shape_pt_lon,shape_pt_sequence
Azul_0,41.641090,-4.733360,0
Azul_0,41.640900,-4.736570,1
Azul_0,41.640860,-4.737110,2
Azul_0,41.640830,-4.737690,3
Azul_0,41.639930,-4.738070,4
Azul_0,41.639260,-4.738330,5
Azul_0,41.639190,-4.738370,6
Azul_0,41.637640,-4.738980,7
Azul_0,41.636580,-4.739340,8
Azul_0,41.635490,-4.739730,9
Azul_0,41.635200,-4.739810,10
Azul_0,41.634520,-4.739940,11
Azul_0,41.633950,-4.740040,12
Azul_0,41.633500,-4.740090,13
Azul_0,41.632830,-4.740220,14
Azul_0,41.632940,-4.741270,15
Azul_0,41.633040,-4.742110,16
Azul_0,41.633070,-4.742570,17
Azul_0,41.633270,-4.744240,18
Azul_0,41.633260,-4.744350,19
Azul_0,41.633260,-4.744540,20
Azul_0,41.633600,-4.747710,21
Azul_0,41.633740,-4.748910,22
Azul_0,41.633760,-4.749050,23
Azul_0,41.633800,-4.749110,24
Azul_0,41.633910,-4.749390,25
Azul_0,41.634020,-4.749420,26
Azul_0,41.634090,-4.749480,27
Azul_0,41.634150,-4.749600,28
Azul_0,41.633740,-4.749980,29
Azul_0,41.632950,-4.750990,30
Azul_0,41.632390,-4.751610,31
Azul_0,41.632170,-4.751810,32
Azul_0,41.631930,-4.752060,33
Azul_0,41.631050,-4.752910,34
Azul_0,41.630520,-4.753460,35
Azul_0,41.630280,-4.753680,36
Azul_0,41.629760,-4.754260,37
Azul_0,41.629490,-4.754590,38
Azul_0,41.629250,-4.754920,39
Azul_0,41.628960,-4.755390,40
Azul_0,41.628590,-4.756180,41
Azul_0,41.628450,-4.756520,42
Azul_0,41.628160,-4.757370,43
Azul_0,41.627810,-4.758440,44
Azul_0,41.626470,-4.762240,45
Azul_0,41.625490,-4.765090,46
Azul_0,41.625240,-4.765840,47
Azul_0,41.624960,-4.766580,48
Azul_0,41.624520,-4.767850,49
Azul_0,41.624360,-4.768380,50
Azul_0,41.624420,-4.768450,51
Azul_0,41.624450,-4.768510,52
Azul_0,41.624480,-4.768670,53
Azul_0,41.624470,-4.768760,54
Azul_0,41.624450,-4.768810,55
Azul_0,41.624410,-4.768870,56
Azul_0,41.624350,-4.768920,57
Azul_0,41.624260,-4.768950,58
Azul_0,41.624190,-4.768940,59
Azul_0,41.624070,-4.769220,60
Azul_0,41.624070,-4.769450,61
Azul_0,41.624030,-4.769580,62
Azul_0,41.623050,-4.772290,63
Azul_0,41.622530,-4.773780,64
Azul_0,41.622240,-4.774560,65
Azul_0,41.622230,-4.774650,66
Azul_0,41.622150,-4.774750,67
Azul_0,41.622100,-4.774770,68
Azul_0,41.622020,-4.774760,69
Azul_0,41.621920,-4.774670,70
Azul_0,41.621900,-4.774620,71
Azul_0,41.621910,-4.774530,72
Azul_0,41.621800,-4.774420,73
Azul_0,41.621150,-4.774010,74
Azul_0,41.621080,-4.773990,75
Azul_0,41.620740,-4.774090,76
Azul_0,41.619050,-4.774700,77
Azul_0,41.619030,-4.774730,78
Azul_0,41.618950,-4.775030,79
Azul_0,41.618730,-4.775650,80
Azul_0,41.617960,-4.777950,81
Azul_0,41.617940,-4.777980,82
Azul_0,41.617870,-4.778230,83
Azul_0,41.617800,-4.778430,84
Azul_0,41.617770,-4.778570,85
Azul_0,41.617720,-4.778650,86
Azul_0,41.617500,-4.778930,87
Azul_0,41.617390,-4.779030,88
Azul_0,41.613720,-4.782090,89
Azul_0,41.612500,-4.783130,90
Azul_0,41.612350,-4.783300,91
Azul_0,41.612160,-4.783590,92
Azul_0,41.611840,-4.784320,93
Azul_0,41.612370,-4.784750,94
Azul_0,41.612430,-4.784780,95
Azul_0,41.612650,-4.784840,96
Azul_0,41.612740,-4.784850,97
Azul_0,41.612970,-4.784740,98
Azul_0,41.613040,-4.784690,99
Azul_0,41.613490,-4.785640,100
Azul_0,41.613110,-4.785990,101
Azul_0,41.613000,-4.786120,102
Azul_0,41.612780,-4.786620,103
Azul_0,41.612600,-4.787000,104
Azul_0,41.612350,-4.787600,105
Azul_0,41.612250,-4.787800,106
Azul_0,41.611150,-4.790290,107
Azul_0,41.610970,-4.790700,108
Azul_0,41.610950,-4.790770,109
Azul_0,41.610940,-4.790870,110
Azul_0,41.610960,-4.791180,111
Azul_0,41.611010,-4.791820,112
Azul_0,41.611090,-4.791830,113
Azul_0,41.611150,-4.791890,114
Azul_0,41.611200,-4.792000,115
Azul_0,41.611200,-4.792130,116
Azul_0,41.611190,-4.792140,117
Azul_0,41.611170,-4.792200,118
Azul_0,41.611140,-4.792250,119
Azul_0,41.611090,-4.792300,120
Azul_0,41.611030,-4.792320,121
Azul_0,41.611120,-4.793690,122
Azul_0,41.611170,-4.793670,123
Azul_0,41.611230,-4.793680,124
Azul_0,41.611300,-4.793730,125
Azul_0,41.611310,-4.793760,126
Azul_0,41.611330,-4.793780,127
Azul_0,41.611350,-4.793850,128
Azul_0,41.611350,-4.793950,129
Azul_0,41.611320,-4.794040,130
Azul_0,41.611270,-4.794090,131
Azul_0,41.611360,-4.794180,132
Azul_0,41.611510,-4.794300,133
Azul_0,41.611860,-4.794470,134
Azul_0,41.611950,-4.794540,135
Azul_0,41.612000,-4.794490,136
Azul_0,41.612070,-4.794490,137
Azul_0,41.612120,-4.794540,138
Azul_0,41.612130,-4.794610,139
Azul_0,41.612140,-4.794620,140
Azul_0,41.612130,-4.794630,141
Azul_0,41.612130,-4.794680,142
Azul_0,41.612120,-4.794700,143
Azul_0,41.612110,-4.794700,144
Azul_0,41.612110,-4.794720,145
Azul_0,41.612070,-4.794750,146
Azul_0,41.612000,-4.794750,147
Azul_0,41.611970,-4.794720,148
Azul_0,41.611720,-4.794680,149
Azul_0,41.611620,-4.794680,150
Azul_0,41.611510,-4.794710,151
Azul_0,41.611390,-4.794770,152
Azul_0,41.611200,-4.794920,153
Azul_0,41.611110,-4.795040,154
Azul_0,41.611040,-4.795170,155
Azul_0,41.610990,-4.795300,156
Azul_0,41.610960,-4.795390,157
Azul_0,41.610920,-4.795650,158
Azul_0,41.610920,-4.795840,159
Azul_0,41.610950,-4.796020,160
Azul_0,41.611210,-4.796880,161
Azul_0,41.611250,-4.796850,162
Azul_0,41.611280,-4.796850,163
Azul_0,41.611280,-4.796840,164
Azul_0,41.611320,-4.796850,165
Azul_0,41.611370,-4.796890,166
Azul_0,41.611390,-4.796950,167
Azul_0,41.611380,-4.797060,168
Azul_0,41.611370,-4.797060,169
Azul_0,41.611370,-4.797080,170
Azul_0,41.611330,-4.797120,171
Azul_0,41.611260,-4.797130,172
Azul_0,41.611220,-4.797110,173
Azul_0,41.611210,-4.797090,174
Azul_0,41.611170,-4.797110,175
Azul_0,41.611210,-4.797090,176
Azul_0,41.611190,-4.797060,177
Azul_0,41.611190,-4.797040,178
Azul_0,41.611180,-4.797040,179
Azul_0,41.611180,-4.796940,180
Azul_0,41.611210,-4.796880,181
Azul_0,41.610950,-4.796020,182
Azul_0,41.610920,-4.795840,183
Azul_0,41.610920,-4.795650,184
Azul_0,41.610960,-4.795390,185
Azul_0,41.611080,-4.795090,186
Azul_0,41.611200,-4.794920,187
Azul_0,41.611390,-4.794770,188
Azul_0,41.611510,-4.794710,189
Azul_0,41.611620,-4.794680,190
Azul_0,41.611720,-4.794680,191
Azul_0,41.611940,-4.794590,192
Azul_0,41.611950,-4.794540,193
Azul_0,41.612000,-4.794490,194
Azul_0,41.612070,-4.794490,195
Azul_0,41.612120,-4.794540,196
Azul_0,41.612130,-4.794610,197
Azul_0,41.612140,-4.794620,198
Azul_0,41.612130,-4.794650,199
Azul_0,41.612330,-4.795000,200
Azul_0,41.612600,-4.795250,201
Azul_0,41.613130,-4.795690,202
Azul_0,41.613310,-4.795860,203
Azul_0,41.613510,-4.796060,204
Azul_0,41.613620,-4.796210,205
Azul_0,41.613740,-4.796420,206
Azul_0,41.613780,-4.796590,207
Azul_0,41.613790,-4.796790,208
Azul_0,41.613760,-4.797010,209
Azul_0,41.613710,-4.797170,210
Azul_0,41.613620,-4.797380,211
Azul_0,41.613470,-4.797660,212
Azul_0,41.612700,-4.799210,213
Azul_0,41.612680,-4.799310,214
Azul_0,41.612690,-4.799430,215
Azul_0,41.612740,-4.799670,216
Azul_0,41.612770,-4.799670,217
Azul_0,41.612860,-4.799710,218
Azul_0,41.612930,-4.799790,219
Azul_0,41.612990,-4.799740,220
Azul_0,41.613160,-4.799650,221
Azul_0,41.613230,-4.799670,222
Azul_0,41.614190,-4.799010,223
Azul_0,41.614930,-4.798520,224
Azul_0,41.617890,-4.796510,225
Azul_0,41.617880,-4.796480,226
Azul_0,41.617860,-4.796450,227
Azul_0,41.617850,-4.796350,228
Azul_0,41.617870,-4.796270,229
Azul_0,41.617920,-4.796200,230
Azul_0,41.617990,-4.796170,231
Azul_0,41.618050,-4.796180,232
Azul_0,41.618110,-4.796230,233
Azul_0,41.618140,-4.796280,234
Azul_0,41.618150,-4.796360,235
Azul_0,41.618160,-4.796370,236
Azul_0,41.618140,-4.796480,237
Azul_0,41.618100,-4.796540,238
Azul_0,41.618060,-4.796560,239
Azul_0,41.618070,-4.797090,240
Azul_0,41.618080,-4.797420,241
Azul_0,41.618150,-4.797740,242
Azul_0,41.618200,-4.797890,243
Azul_0,41.619130,-4.799450,244
Azul_0,41.619130,-4.799440,245
Azul_0,41.619190,-4.799440,246
Azul_0,41.619260,-4.799500,247
Azul_0,41.619260,-4.799520,248
Azul_0,41.619270,-4.799520,249
Azul_0,41.619270,-4.799540,250
Azul_0,41.619280,-4.799550,251
Azul_0,41.619280,-4.799670,252
Azul_0,41.619270,-4.799670,253
Azul_0,41.619270,-4.799690,254
Azul_0,41.619240,-4.799740,255
Azul_0,41.619190,-4.799770,256
Azul_0,41.619130,-4.799770,257
Azul_0,41.619100,-4.799760,258
Azul_0,41.619100,-4.799750,259
Azul_0,41.618070,-4.801070,260
Azul_0,41.617800,-4.801430,261
Azul_0,41.615370,-4.804530,262
Azul_0,41.615420,-4.804640,263
Azul_0,41.615440,-4.804850,264
Azul_0,41.615390,-4.805050,265
Azul_0,41.615340,-4.805120,266
Azul_0,41.615640,-4.805980,267
Azul_0,41.615990,-4.807120,268
Azul_0,41.616500,-4.808660,269
Azul_0,41.617500,-4.811530,270
Azul_0,41.617610,-4.811890,271
Azul_0,41.617640,-4.811970,272
Azul_0,41.617690,-4.812200,273
Azul_0,41.617770,-4.812470,274
Azul_0,41.617850,-4.812570,275
Azul_0,41.617880,-4.812650,276
Azul_0,41.617960,-4.812660,277
Azul_0,41.618080,-4.812450,278
Azul_0,41.618140,-4.812300,279
Azul_0,41.618350,-4.811910,280
Azul_0,41.618290,-4.811810,281
Azul_0,41.618280,-4.811750,282
Azul_0,41.618280,-4.811700,283
Azul_0,41.618330,-4.811560,284
Azul_0,41.618390,-4.811510,285
Azul_0,41.618440,-4.811490,286
Azul_0,41.618510,-4.811500,287
Azul_0,41.618580,-4.811550,288
Azul_0,41.618630,-4.811640,289
Azul_0,41.618640,-4.811770,290
Azul_0,41.618620,-4.811850,291
Azul_0,41.618580,-4.811910,292
Azul_0,41.618550,-4.811930,293
Azul_0,41.618890,-4.812960,294
Azul_0,41.618970,-4.813180,295
Azul_0,41.619350,-4.814000,296
Azul_0,41.619560,-4.814440,297
Azul_0,41.619730,-4.814760,298
Azul_0,41.620050,-4.814290,299
Azul_0,41.620080,-4.814220,300
Azul_0,41.620240,-4.813950,301
Azul_0,41.620340,-4.813700,302
Azul_0,41.620450,-4.813200,303
Azul_0,41.620610,-4.812750,304
Azul_0,41.620630,-4.812720,305
Azul_0,41.620720,-4.812520,306
Azul_0,41.620950,-4.812120,307
Azul_0,41.621120,-4.811950,308
Azul_0,41.621170,-4.811870,309
Azul_0,41.621210,-4.811840,310
Azul_0,41.621350,-4.811780,311
Azul_0,41.621620,-4.811720,312
Azul_0,41.621810,-4.811430,313
Azul_0,41.622320,-4.810510,314
Azul_0,41.621710,-4.809870,315
Azul_0,41.621360,-4.809540,316
Azul_0,41.621030,-4.809190,317
Azul_0,41.620410,-4.808570,318
Azul_0,41.620390,-4.808610,319
Azul_0,41.620370,-4.808620,320
Azul_0,41.620360,-4.808640,321
Azul_0,41.620320,-4.808660,322
Azul_0,41.620250,-4.808660,323
Azul_0,41.620210,-4.808640,324
Azul_0,41.620160,-4.808580,325
Azul_0,41.620150,-4.808530,326
Azul_0,41.620140,-4.808520,327
Azul_0,41.620140,-4.808410,328
Azul_0,41.620180,-4.808320,329
Azul_0,41.620210,-4.808290,330
Azul_0,41.620270,-4.808260,331
Azul_0,41.620340,-4.808270,332
Azul_0,41.620370,-4.808300,333
Azul_0,41.620560,-4.807980,334
Azul_0,41.621460,-4.806430,335
Azul_0,41.622180,-4.805090,336
Azul_0,41.622140,-4.805020,337
Azul_0,41.622130,-4.804890,338
Azul_0,41.622160,-4.804800,339
Azul_0,41.622200,-4.804760,340
Azul_0,41.621720,-4.803880,341
Azul_0,41.621320,-4.803210,342
Azul_0,41.620840,-4.802350,343
Azul_0,41.620790,-4.802320,344
Azul_0,41.620730,-4.802260,345
Azul_0,41.620690,-4.802290,346
Azul_0,41.620580,-4.802280,347
Azul_0,41.620510,-4.802200,348
Azul_0,41.620490,-4.802120,349
Azul_0,41.620480,-4.802110,350
Azul_0,41.620480,-4.802050,351
Azul_0,41.620510,-4.801960,352
Azul_0,41.620400,-4.801730,353
Azul_0,41.620120,-4.801280,354
Azul_0,41.620930,-4.800440,355
Azul_0,41.621430,-4.799900,356
Azul_0,41.621650,-4.799620,357
Azul_0,41.621800,-4.799310,358
Azul_0,41.621910,-4.798950,359
Azul_0,41.621940,-4.798700,360
Azul_0,41.621940,-4.798320,361
Azul_0,41.621850,-4.797830,362
Azul_0,41.621800,-4.797440,363
Azul_0,41.621800,-4.796960,364
Azul_0,41.621870,-4.796600,365
Azul_0,41.621920,-4.796420,366
Azul_0,41.622010,-4.796180,367
Azul_0,41.622070,-4.796080,368
Azul_0,41.622170,-4.795880,369
Azul_0,41.622110,-4.795810,370
Azul_0,41.622090,-4.795740,371
Azul_0,41.622090,-4.795660,372
Azul_0,41.622100,-4.795650,373
Azul_0,41.622110,-4.795600,374
Azul_0,41.622120,-4.795590,375
Azul_0,41.622130,-4.795500,376
Azul_0,41.622140,-4.795560,377
Azul_0,41.622150,-4.795540,378
Azul_0,41.622210,-4.795510,379
Azul_0,41.622280,-4.795510,380
Azul_0,41.622350,-4.795570,381
Azul_0,41.622370,-4.795610,382
Azul_0,41.622380,-4.795640,383
Azul_0,41.622380,-4.795730,384
Azul_0,41.622560,-4.795800,385
Azul_0,41.623210,-4.796040,386
Azul_0,41.624280,-4.796310,387
Azul_0,41.624680,-4.796270,388
Azul_0,41.625260,-4.796030,389
Azul_0,41.625360,-4.795970,390
Azul_0,41.626280,-4.795230,391
Azul_0,41.627100,-4.794470,392
Azul_0,41.627600,-4.793980,393
Azul_0,41.627750,-4.793820,394
Azul_0,41.628660,-4.793070,395
Azul_0,41.629370,-4.792550,396
Azul_0,41.629460,-4.792520,397
Azul_0,41.629540,-4.792470,398
Azul_0,41.629770,-4.792390,399
Azul_0,41.630300,-4.792160,400
Azul_0,41.630530,-4.792040,401
Azul_0,41.630740,-4.791880,402
Azul_0,41.630950,-4.791640,403
Azul_0,41.630900,-4.791530,404
Azul_0,41.630910,-4.791310,405
Azul_0,41.630970,-4.791170,406
Azul_0,41.631030,-4.791100,407
Azul_0,41.630990,-4.790810,408
Azul_0,41.630900,-4.790400,409
Azul_0,41.630650,-4.789370,410
Azul_0,41.630570,-4.789360,411
Azul_0,41.630490,-4.789300,412
Azul_0,41.630440,-4.789180,413
Azul_0,41.630440,-4.789040,414
Azul_0,41.630460,-4.788980,415
Azul_0,41.630520,-4.788890,416
Azul_0,41.630600,-4.788850,417
Azul_0,41.630680,-4.788860,418
Azul_0,41.631030,-4.787040,419
Azul_0,41.630960,-4.786930,420
Azul_0,41.630950,-4.786890,421
Azul_0,41.630950,-4.786770,422
Azul_0,41.630990,-4.786660,423
Azul_0,41.631050,-4.786600,424
Azul_0,41.631100,-4.786580,425
Azul_0,41.631190,-4.786590,426
Azul_0,41.631250,-4.786630,427
Azul_0,41.631300,-4.786710,428
Azul_0,41.631310,-4.786770,429
Azul_0,41.631320,-4.786790,430
Azul_0,41.631320,-4.786870,431
Azul_0,41.631280,-4.786980,432
Azul_0,41.631220,-4.787050,433
Azul_0,41.631120,-4.787080,434
Azul_0,41.630750,-4.788900,435
Azul_0,41.630810,-4.788980,436
Azul_0,41.630810,-4.789010,437
Azul_0,41.630830,-4.789050,438
Azul_0,41.630830,-4.789170,439
Azul_0,41.630790,-4.789270,440
Azul_0,41.630740,-4.789330,441
Azul_0,41.631090,-4.790910,442
Azul_0,41.631160,-4.791040,443
Azul_0,41.631270,-4.791050,444
Azul_0,41.631370,-4.791120,445
Azul_0,41.631400,-4.791160,446
Azul_0,41.631460,-4.791290,447
Azul_0,41.631470,-4.791350,448
Azul_0,41.631470,-4.791500,449
Azul_0,41.631460,-4.791550,450
Azul_0,41.631400,-4.791680,451
Azul_0,41.631340,-4.791750,452
Azul_0,41.631230,-4.791800,453
Azul_0,41.631150,-4.791800,454
Azul_0,41.631060,-4.791770,455
Azul_0,41.630550,-4.792130,456
Azul_0,41.629400,-4.792700,457
Azul_0,41.629270,-4.792770,458
Azul_0,41.628940,-4.792990,459
Azul_0,41.628610,-4.793240,460
Azul_0,41.628450,-4.793390,461
Azul_0,41.627840,-4.793900,462
Azul_0,41.626520,-4.795150,463
Azul_0,41.626360,-4.795270,464
Azul_0,41.625610,-4.795920,465
Azul_0,41.625340,-4.796120,466
Azul_0,41.625100,-4.796270,467
Azul_0,41.624910,-4.796360,468
Azul_0,41.624710,-4.796410,469
Azul_0,41.624570,-4.796430,470
Azul_0,41.624030,-4.796390,471
Azul_0,41.623570,-4.796250,472
Azul_0,41.623160,-4.796150,473
Azul_0,41.622590,-4.795910,474
Azul_0,41.622350,-4.795840,475
Azul_0,41.622270,-4.795900,476
Azul_0,41.622210,-4.795900,477
Azul_0,41.622150,-4.795870,478
Azul_0,41.622110,-4.795810,479
Azul_0,41.622100,-4.795770,480
Azul_0,41.621940,-4.795720,481
Azul_0,41.621870,-4.795720,482
Azul_0,41.621800,-4.795730,483
Azul_0,41.621600,-4.795800,484
Azul_0,41.621300,-4.795940,485
Azul_0,41.620990,-4.796130,486
Azul_0,41.620730,-4.796260,487
Azul_0,41.620550,-4.796330,488
Azul_0,41.620420,-4.796360,489
Azul_0,41.620180,-4.796400,490
Azul_0,41.619640,-4.796430,491
Azul_0,41.618140,-4.796470,492
Azul_0,41.618100,-4.796540,493
Azul_0,41.618030,-4.796580,494
Azul_0,41.617970,-4.796580,495
Azul_0,41.617910,-4.796540,496
Azul_0,41.617860,-4.796450,497
Azul_0,41.617850,-4.796350,498
Azul_0,41.617870,-4.796270,499
Azul_0,41.617920,-4.796200,500
Azul_0,41.617990,-4.796170,501
Azul_0,41.618020,-4.796180,502
Azul_0,41.618050,-4.796100,503
Azul_0,41.618170,-4.795740,504
Azul_0,41.618890,-4.793770,505
Azul_0,41.619190,-4.792840,506
Azul_0,41.620390,-4.789460,507
Azul_0,41.620530,-4.789020,508
Azul_0,41.621150,-4.787220,509
Azul_0,41.621780,-4.785350,510
Azul_0,41.621900,-4.785100,511
Azul_0,41.622190,-4.784210,512
Azul_0,41.622550,-4.783170,513
Azul_0,41.622950,-4.781970,514
Azul_0,41.623330,-4.780890,515
Azul_0,41.623680,-4.779960,516
Azul_0,41.623610,-4.779830,517
Azul_0,41.623610,-4.779730,518
Azul_0,41.623620,-4.779710,519
Azul_0,41.623620,-4.779680,520
Azul_0,41.623660,-4.779610,521
Azul_0,41.623700,-4.779580,522
Azul_0,41.623770,-4.779550,523
Azul_0,41.623810,-4.779560,524
Azul_0,41.623970,-4.778990,525
Azul_0,41.624060,-4.778720,526
Azul_0,41.624340,-4.777970,527
Azul_0,41.624630,-4.777230,528
Azul_0,41.624790,-4.776760,529
Azul_0,41.624800,-4.776760,530
Azul_0,41.624840,-4.776620,531
Azul_0,41.624860,-4.776480,532
Azul_0,41.624850,-4.776480,533
Azul_0,41.624810,-4.776410,534
Azul_0,41.624800,-4.776370,535
Azul_0,41.624800,-4.776250,536
Azul_0,41.624820,-4.776180,537
Azul_0,41.624860,-4.776120,538
Azul_0,41.624950,-4.776080,539
Azul_0,41.625010,-4.776080,540
Azul_0,41.625060,-4.776110,541
Azul_0,41.625080,-4.776000,542
Azul_0,41.625310,-4.775290,543
Azul_0,41.625510,-4.773830,544
Azul_0,41.626320,-4.773920,545
Azul_0,41.626400,-4.774550,546
Azul_0,41.626410,-4.774580,547
Azul_0,41.626360,-4.775320,548
Azul_0,41.626350,-4.775670,549
Azul_0,41.627090,-4.775750,550
Azul_0,41.627350,-4.775800,551
Azul_0,41.627930,-4.775870,552
Azul_0,41.630280,-4.776210,553
Azul_0,41.630400,-4.775800,554
Azul_0,41.630550,-4.775160,555
Azul_0,41.630890,-4.773810,556
Azul_0,41.631090,-4.773180,557
Azul_0,41.631250,-4.772730,558
Azul_0,41.630770,-4.772340,559
Azul_0,41.630210,-4.771920,560
Azul_0,41.629950,-4.771740,561
Azul_0,41.629190,-4.771070,562
Azul_0,41.628610,-4.770510,563
Azul_0,41.627520,-4.769580,564
Azul_0,41.627310,-4.769230,565
Azul_0,41.627000,-4.768800,566
Azul_0,41.626500,-4.768040,567
Azul_0,41.626140,-4.767550,568
Azul_0,41.625980,-4.767370,569
Azul_0,41.625580,-4.766830,570
Azul_0,41.625390,-4.766590,571
Azul_0,41.625320,-4.766420,572
Azul_0,41.625290,-4.766420,573
Azul_0,41.625260,-4.766400,574
Azul_0,41.625210,-4.766300,575
Azul_0,41.625150,-4.766330,576
Azul_0,41.625030,-4.766320,577
Azul_0,41.624990,-4.766290,578
Azul_0,41.625000,-4.766230,579
Azul_0,41.625170,-4.765770,580
Azul_0,41.625400,-4.765040,581
Azul_0,41.626080,-4.763090,582
Azul_0,41.626600,-4.761550,583
Azul_0,41.626930,-4.760600,584
Azul_0,41.627730,-4.758380,585
Azul_0,41.628210,-4.756940,586
Azul_0,41.628500,-4.756150,587
Azul_0,41.628880,-4.755330,588
Azul_0,41.629060,-4.755010,589
Azul_0,41.629440,-4.754440,590
Azul_0,41.629620,-4.754200,591
Azul_0,41.630200,-4.753570,592
Azul_0,41.632780,-4.750970,593
Azul_0,41.633080,-4.750640,594
Azul_0,41.633500,-4.750100,595
Azul_0,41.633660,-4.749710,596
Azul_0,41.633690,-4.749570,597
Azul_0,41.633720,-4.749510,598
Azul_0,41.633730,-4.749120,599
Azul_0,41.633760,-4.749050,600
Azul_0,41.633650,-4.748160,601
Azul_0,41.633590,-4.747530,602
Azul_0,41.633550,-4.747230,603
Azul_0,41.633260,-4.744540,604
Azul_0,41.633260,-4.744470,605
Azul_0,41.633190,-4.744250,606
Azul_0,41.633050,-4.743060,607
Azul_0,41.632960,-4.742120,608
Azul_0,41.632880,-4.741470,609
Azul_0,41.632740,-4.740100,610
Azul_0,41.633960,-4.739900,611
Azul_0,41.634500,-4.739790,612
Azul_0,41.635180,-4.739670,613
Azul_0,41.635470,-4.739590,614
Azul_0,41.637620,-4.738870,615
Azul_0,41.639900,-4.737950,616
Azul_0,41.640760,-4.737610,617
Azul_0,41.640830,-4.737590,618
Azul_0,41.641110,-4.737450,619
Azul_0,41.641690,-4.737220,620
Azul_0,41.642090,-4.737030,621
Azul_0,41.642290,-4.736920,622
Azul_0,41.642690,-4.736620,623
Azul_0,41.642790,-4.736510,624
Azul_0,41.643880,-4.735110,625
Azul_0,41.644060,-4.734850,626
Azul_0,41.644800,-4.733920,627
Azul_0,41.645080,-4.733540,628
Azul_0,41.645070,-4.733540,629
Azul_0,41.644670,-4.732750,630
Azul_0,41.644540,-4.732400,631
Azul_0,41.644490,-4.732220,632
Azul_0,41.644480,-4.732140,633
Azul_0,41.644430,-4.731900,634
Azul_0,41.644360,-4.731400,635
Azul_0,41.644230,-4.731430,636
Azul_0,41.643820,-4.731570,637
Azul_0,41.643500,-4.731700,638
Azul_0,41.643090,-4.731900,639
Azul_0,41.642820,-4.731990,640
Azul_0,41.642450,-4.732020,641
Azul_0,41.642310,-4.731840,642
Azul_0,41.642100,-4.731770,643
Azul_0,41.642020,-4.731730,644
Azul_0,41.641470,-4.731560,645
Azul_0,41.641370,-4.731540,646
Azul_0,41.641200,-4.731545,647
Azul_0,41.641140,-4.732500,648
Azul_0,41.641407,-4.732529,649
Buho_0,41.653275,-4.732100,0
Buho_0,41.653427,-4.732160,1
Buho_0,41.653606,-4.732094,2
Buho_0,41.653625,-4.731871,3
Buho_0,41.653492,-4.730627,4
Buho_0,41.653297,-4.730433,5
Buho_0,41.653100,-4.730367,6
Buho_0,41.652900,-4.730453,7
Buho_0,41.652744,-4.730604,8
Buho_0,41.652687,-4.730784,9
Buho_0,41.652680,-4.731079,10
Buho_0,41.652782,-4.732172,11
Buho_0,41.652653,-4.732420,12
Buho_0,41.650140,-4.732802,13
Buho_0,41.649223,-4.733045,14
Buho_0,41.648876,-4.733048,15
Buho_0,41.648605,-4.732865,16
Buho_0,41.647335,-4.731006,17
Buho_0,41.647280,-4.730997,18
Buho_0,41.645320,-4.733508,19
Buho_0,41.645040,-4.733500,20
Buho_0,41.644665,-4.732757,21
Buho_0,41.644497,-4.732268,22
Buho_0,41.644367,-4.731522,23
Buho_0,41.644184,-4.731401,24
Buho_0,41.643093,-4.731911,25
Buho_0,41.642723,-4.732018,26
Buho_0,41.642420,-4.731948,27
Buho_0,41.642113,-4.731777,28
Buho_0,41.641403,-4.731549,29
Buho_0,41.641190,-4.731645,30
Buho_0,41.640846,-4.737659,31
Buho_0,41.640510,-4.737830,32
Buho_0,41.639930,-4.738070,33
Buho_0,41.637640,-4.738980,34
Buho_0,41.636580,-4.739340,35
Buho_0,41.635490,-4.739730,36
Buho_0,41.635200,-4.739810,37
Buho_0,41.634520,-4.739940,38
Buho_0,41.633950,-4.740040,39
Buho_0,41.633500,-4.740090,40
Buho_0,41.632830,-4.740220,41
Buho_0,41.632940,-4.741270,42
Buho_0,41.633040,-4.742110,43
Buho_0,41.633070,-4.742570,44
Buho_0,41.633270,-4.744240,45
Buho_0,41.633260,-4.744350,46
Buho_0,41.633260,-4.744540,47
Buho_0,41.633600,-4.747710,48
Buho_0,41.633740,-4.748910,49
Buho_0,41.633760,-4.749050,50
Buho_0,41.633800,-4.749110,51
Buho_0,41.633910,-4.749390,52
Buho_0,41.634020,-4.749420,53
Buho_0,41.634090,-4.749480,54
Buho_0,41.634150,-4.749600,55
Buho_0,41.633740,-4.749980,56
Buho_0,41.632950,-4.750990,57
Buho_0,41.632390,-4.751610,58
Buho_0,41.632170,-4.751810,59
Buho_0,41.631930,-4.752060,60
Buho_0,41.631050,-4.752910,61
Buho_0,41.630520,-4.753460,62
Buho_0,41.630280,-4.753680,63
Buho_0,41.629760,-4.754260,64
Buho_0,41.629490,-4.754590,65
Buho_0,41.629250,-4.754920,66
Buho_0,41.628960,-4.755390,67
Buho_0,41.628590,-4.756180,68
Buho_0,41.628450,-4.756520,69
Buho_0,41.628160,-4.757370,70
Buho_0,41.627810,-4.758440,71
Buho_0,41.626470,-4.762240,72
Buho_0,41.625490,-4.765090,73
Buho_0,41.625240,-4.765840,74
Buho_0,41.625290,-4.765930,75
Buho_0,41.625310,-4.765990,76
Buho_0,41.625310,-4.766140,77
Buho_0,41.625280,-4.766230,78
Buho_0,41.625320,-4.766310,79
Buho_0,41.625320,-4.766360,80
Buho_0,41.625330,-4.766380,81
Buho_0,41.625320,-4.766420,82
Buho_0,41.625390,-4.766590,83
Buho_0,41.625980,-4.767370,84
Buho_0,41.626140,-4.767550,85
Buho_0,41.626500,-4.768040,86
Buho_0,41.627000,-4.768800,87
Buho_0,41.627310,-4.769230,88
Buho_0,41.627520,-4.769580,89
Buho_0,41.627990,-4.769980,90
Buho_0,41.628080,-4.770040,91
Buho_0,41.628320,-4.770270,92
Buho_0,41.628610,-4.770510,93
Buho_0,41.628580,-4.770600,94
Buho_0,41.628510,-4.771360,95
Buho_0,41.628420,-4.772080,96
Buho_0,41.628360,-4.772780,97
Buho_0,41.628330,-4.773440,98
Buho_0,41.628270,-4.774170,99
Buho_0,41.628190,-4.774970,100
Buho_0,41.628140,-4.775900,101
Buho_0,41.627350,-4.775800,102
Buho_0,41.627090,-4.775750,103
Buho_0,41.626350,-4.775670,104
Buho_0,41.626360,-4.775320,105
Buho_0,41.626410,-4.774580,106
Buho_0,41.626400,-4.774550,107
Buho_0,41.626320,-4.773920,108
Buho_0,41.625510,-4.773830,109
Buho_0,41.625310,-4.775290,110
Buho_0,41.625080,-4.776000,111
Buho_0,41.625060,-4.776110,112
Buho_0,41.625110,-4.776170,113
Buho_0,41.625140,-4.776280,114
Buho_0,41.625130,-4.776400,115
Buho_0,41.625090,-4.776470,116
Buho_0,41.625020,-4.776530,117
Buho_0,41.624990,-4.776540,118
Buho_0,41.624930,-4.776530,119
Buho_0,41.624830,-4.776820,120
Buho_0,41.624830,-4.776800,121
Buho_0,41.624690,-4.777260,122
Buho_0,41.624570,-4.777580,123
Buho_0,41.624500,-4.777800,124
Buho_0,41.624120,-4.778760,125
Buho_0,41.624030,-4.779020,126
Buho_0,41.623880,-4.779600,127
Buho_0,41.623920,-4.779660,128
Buho_0,41.623940,-4.779740,129
Buho_0,41.623940,-4.779810,130
Buho_0,41.623920,-4.779890,131
Buho_0,41.623860,-4.779970,132
Buho_0,41.623820,-4.779990,133
Buho_0,41.623740,-4.779990,134
Buho_0,41.623620,-4.780270,135
Buho_0,41.623390,-4.780920,136
Buho_0,41.623160,-4.781570,137
Buho_0,41.622950,-4.782250,138
Buho_0,41.622610,-4.783220,139
Buho_0,41.622450,-4.783740,140
Buho_0,41.621970,-4.785160,141
Buho_0,41.621760,-4.785690,142
Buho_0,41.621650,-4.786070,143
Buho_0,41.620880,-4.788280,144
Buho_0,41.620600,-4.789040,145
Buho_0,41.620270,-4.790000,146
Buho_0,41.620260,-4.790010,147
Buho_0,41.619080,-4.793440,148
Buho_0,41.618100,-4.796220,149
Buho_0,41.618140,-4.796280,150
Buho_0,41.618150,-4.796350,151
Buho_0,41.619830,-4.796320,152
Buho_0,41.620170,-4.796300,153
Buho_0,41.620370,-4.796270,154
Buho_0,41.620500,-4.796240,155
Buho_0,41.620690,-4.796170,156
Buho_0,41.620850,-4.796090,157
Buho_0,41.621010,-4.795980,158
Buho_0,41.621470,-4.795710,159
Buho_0,41.621670,-4.795640,160
Buho_0,41.621910,-4.795600,161
Buho_0,41.622040,-4.795600,162
Buho_0,41.622110,-4.795620,163
Buho_0,41.622110,-4.795600,164
Buho_0,41.622150,-4.795540,165
Buho_0,41.622210,-4.795510,166
Buho_0,41.622280,-4.795510,167
Buho_0,41.622350,-4.795570,168
Buho_0,41.622380,-4.795640,169
Buho_0,41.622380,-4.795730,170
Buho_0,41.622560,-4.795800,171
Buho_0,41.623210,-4.796040,172
Buho_0,41.624280,-4.796310,173
Buho_0,41.624680,-4.796270,174
Buho_0,41.625260,-4.796030,175
Buho_0,41.625360,-4.795970,176
Buho_0,41.626280,-4.795230,177
Buho_0,41.627100,-4.794470,178
Buho_0,41.627600,-4.793980,179
Buho_0,41.627750,-4.793820,180
Buho_0,41.628660,-4.793070,181
Buho_0,41.629370,-4.792550,182
Buho_0,41.629460,-4.792520,183
Buho_0,41.629540,-4.792470,184
Buho_0,41.629770,-4.792390,185
Buho_0,41.630190,-4.792210,186
Buho_0,41.630530,-4.792040,187
Buho_0,41.630740,-4.791880,188
Buho_0,41.630950,-4.791640,189
Buho_0,41.630900,-4.791530,190
Buho_0,41.630900,-4.791360,191
Buho_0,41.630910,-4.791310,192
Buho_0,41.630950,-4.791210,193
Buho_0,41.631030,-4.791100,194
Buho_0,41.630990,-4.790810,195
Buho_0,41.630650,-4.789370,196
Buho_0,41.630570,-4.789360,197
Buho_0,41.630490,-4.789300,198
Buho_0,41.630440,-4.789180,199
Buho_0,41.630440,-4.789040,200
Buho_0,41.630460,-4.788980,201
Buho_0,41.630520,-4.788890,202
Buho_0,41.630600,-4.788850,203
Buho_0,41.630680,-4.788860,204
Buho_0,41.631030,-4.787040,205
Buho_0,41.630960,-4.786930,206
Buho_0,41.630950,-4.786890,207
Buho_0,41.630950,-4.786770,208
Buho_0,41.630990,-4.786660,209
Buho_0,41.631050,-4.786600,210
Buho_0,41.631100,-4.786580,211
Buho_0,41.631190,-4.786590,212
Buho_0,41.631250,-4.786630,213
Buho_0,41.631300,-4.786710,214
Buho_0,41.631310,-4.786770,215
Buho_0,41.631320,-4.786790,216
Buho_0,41.631320,-4.786870,217
Buho_0,41.631280,-4.786980,218
Buho_0,41.631220,-4.787050,219
Buho_0,41.631120,-4.787080,220
Buho_0,41.630750,-4.788900,221
Buho_0,41.630810,-4.788980,222
Buho_0,41.630810,-4.789010,223
Buho_0,41.630830,-4.789050,224
Buho_0,41.630830,-4.789170,225
Buho_0,41.630790,-4.789270,226
Buho_0,41.630740,-4.789330,227
Buho_0,41.631090,-4.790910,228
Buho_0,41.631160,-4.791040,229
Buho_0,41.631270,-4.791050,230
Buho_0,41.631370,-4.791120,231
Buho_0,41.631400,-4.791160,232
Buho_0,41.631450,-4.791270,233
Buho_0,41.631460,-4.791200,234
Buho_0,41.631470,-4.791500,235
Buho_0,41.631460,-4.791550,236
Buho_0,41.631400,-4.791680,237
Buho_0,41.631340,-4.791750,238
Buho_0,41.631230,-4.791800,239
Buho_0,41.631150,-4.791800,240
Buho_0,41.631060,-4.791770,241
Buho_0,41.630550,-4.792130,242
Buho_0,41.629400,-4.792700,243
Buho_0,41.629270,-4.792770,244
Buho_0,41.628940,-4.792990,245
Buho_0,41.628610,-4.793240,246
Buho_0,41.628450,-4.793390,247
Buho_0,41.627840,-4.793900,248
Buho_0,41.626520,-4.795150,249
Buho_0,41.626360,-4.795270,250
Buho_0,41.625610,-4.795920,251
Buho_0,41.625340,-4.796120,252
Buho_0,41.625100,-4.796270,253
Buho_0,41.624910,-4.796360,254
Buho_0,41.624710,-4.796410,255
Buho_0,41.624570,-4.796430,256
Buho_0,41.624030,-4.796390,257
Buho_0,41.623570,-4.796250,258
Buho_0,41.623160,-4.796150,259
Buho_0,41.622590,-4.795910,260
Buho_0,41.622350,-4.795840,261
Buho_0,41.622270,-4.795900,262
Buho_0,41.622210,-4.795900,263
Buho_0,41.622170,-4.795880,264
Buho_0,41.622070,-4.796080,265
Buho_0,41.622010,-4.796180,266
Buho_0,41.621870,-4.796600,267
Buho_0,41.621800,-4.796960,268
Buho_0,41.621800,-4.797440,269
Buho_0,41.621850,-4.797830,270
Buho_0,41.621940,-4.798320,271
Buho_0,41.621940,-4.798700,272
Buho_0,41.621910,-4.798950,273
Buho_0,41.621800,-4.799310,274
Buho_0,41.621650,-4.799620,275
Buho_0,41.621430,-4.799900,276
Buho_0,41.620930,-4.800440,277
Buho_0,41.620170,-4.801220,278
Buho_0,41.620540,-4.801790,279
Buho_0,41.620610,-4.801870,280
Buho_0,41.620650,-4.801860,281
Buho_0,41.620730,-4.801890,282
Buho_0,41.620780,-4.801960,283
Buho_0,41.620810,-4.802080,284
Buho_0,41.620780,-4.802190,285
Buho_0,41.620820,-4.802270,286
Buho_0,41.620840,-4.802350,287
Buho_0,41.621320,-4.803210,288
Buho_0,41.621720,-4.803880,289
Buho_0,41.622200,-4.804760,290
Buho_0,41.622250,-4.804730,291
Buho_0,41.622310,-4.804730,292
Buho_0,41.622350,-4.804750,293
Buho_0,41.622380,-4.804770,294
Buho_0,41.622420,-4.804840,295
Buho_0,41.622420,-4.804870,296
Buho_0,41.622430,-4.804880,297
Buho_0,41.622430,-4.804990,298
Buho_0,41.622420,-4.805000,299
Buho_0,41.622420,-4.805030,300
Buho_0,41.622350,-4.805120,301
Buho_0,41.622260,-4.805140,302
Buho_0,41.622210,-4.805120,303
Buho_0,41.622180,-4.805090,304
Buho_0,41.621460,-4.806430,305
Buho_0,41.620370,-4.808300,306
Buho_0,41.620390,-4.808310,307
Buho_0,41.620420,-4.808390,308
Buho_0,41.620430,-4.808400,309
Buho_0,41.620430,-4.808520,310
Buho_0,41.620420,-4.808530,311
Buho_0,41.620410,-4.808570,312
Buho_0,41.621030,-4.809190,313
Buho_0,41.621360,-4.809540,314
Buho_0,41.621710,-4.809870,315
Buho_0,41.622320,-4.810510,316
Buho_0,41.621810,-4.811430,317
Buho_0,41.621450,-4.811950,318
Buho_0,41.621320,-4.811900,319
Buho_0,41.621220,-4.811900,320
Buho_0,41.621120,-4.811950,321
Buho_0,41.620950,-4.812120,322
Buho_0,41.620720,-4.812520,323
Buho_0,41.620630,-4.812720,324
Buho_0,41.620610,-4.812750,325
Buho_0,41.620450,-4.813200,326
Buho_0,41.620340,-4.813700,327
Buho_0,41.620240,-4.813950,328
Buho_0,41.620080,-4.814220,329
Buho_0,41.620050,-4.814290,330
Buho_0,41.619730,-4.814760,331
Buho_0,41.619560,-4.814440,332
Buho_0,41.618970,-4.813180,333
Buho_0,41.618550,-4.811930,334
Buho_0,41.618530,-4.811950,335
Buho_0,41.618460,-4.811970,336
Buho_0,41.618360,-4.811930,337
Buho_0,41.618350,-4.811910,338
Buho_0,41.618140,-4.812300,339
Buho_0,41.618080,-4.812450,340
Buho_0,41.618060,-4.812770,341
Buho_0,41.618070,-4.812810,342
Buho_0,41.618080,-4.812820,343
Buho_0,41.618080,-4.812930,344
Buho_0,41.618070,-4.812940,345
Buho_0,41.618060,-4.812990,346
Buho_0,41.618040,-4.813020,347
Buho_0,41.618030,-4.813050,348
Buho_0,41.617960,-4.813100,349
Buho_0,41.617900,-4.813110,350
Buho_0,41.617810,-4.813070,351
Buho_0,41.617780,-4.813030,352
Buho_0,41.617740,-4.812930,353
Buho_0,41.617740,-4.812820,354
Buho_0,41.617760,-4.812770,355
Buho_0,41.617640,-4.812270,356
Buho_0,41.617560,-4.812050,357
Buho_0,41.617200,-4.810900,358
Buho_0,41.616410,-4.808700,359
Buho_0,41.615470,-4.805780,360
Buho_0,41.615300,-4.805360,361
Buho_0,41.615220,-4.805240,362
Buho_0,41.615080,-4.805270,363
Buho_0,41.614980,-4.805240,364
Buho_0,41.614890,-4.805180,365
Buho_0,41.614810,-4.805070,366
Buho_0,41.614770,-4.804950,367
Buho_0,41.614750,-4.804810,368
Buho_0,41.614750,-4.804740,369
Buho_0,41.614810,-4.804540,370
Buho_0,41.614900,-4.804430,371
Buho_0,41.614960,-4.804380,372
Buho_0,41.615090,-4.804340,373
Buho_0,41.615190,-4.804360,374
Buho_0,41.615290,-4.804420,375
Buho_0,41.615310,-4.804450,376
Buho_0,41.615850,-4.803740,377
Buho_0,41.615900,-4.803690,378
Buho_0,41.616420,-4.803030,379
Buho_0,41.616540,-4.802860,380
Buho_0,41.617070,-4.802200,381
Buho_0,41.617730,-4.801340,382
Buho_0,41.619050,-4.799680,383
Buho_0,41.619050,-4.799530,384
Buho_0,41.618190,-4.798050,385
Buho_0,41.618070,-4.797770,386
Buho_0,41.618000,-4.797440,387
Buho_0,41.617980,-4.796580,388
Buho_0,41.617910,-4.796540,389
Buho_0,41.617890,-4.796510,390
Buho_0,41.614930,-4.798520,391
Buho_0,41.614190,-4.799010,392
Buho_0,41.613230,-4.799670,393
Buho_0,41.613190,-4.799750,394
Buho_0,41.612970,-4.799900,395
Buho_0,41.612980,-4.800040,396
Buho_0,41.612940,-4.800160,397
Buho_0,41.612870,-4.800260,398
Buho_0,41.612740,-4.800320,399
Buho_0,41.612680,-4.800320,400
Buho_0,41.612580,-4.800270,401
Buho_0,41.612550,-4.800240,402
Buho_0,41.612490,-4.800110,403
Buho_0,41.612480,-4.800040,404
Buho_0,41.612490,-4.799890,405
Buho_0,41.612550,-4.799770,406
Buho_0,41.612600,-4.799460,407
Buho_0,41.612650,-4.799290,408
Buho_0,41.612700,-4.799210,409
Buho_0,41.613080,-4.798460,410
Buho_0,41.613470,-4.797660,411
Buho_0,41.613620,-4.797380,412
Buho_0,41.613710,-4.797170,413
Buho_0,41.613760,-4.797010,414
Buho_0,41.613790,-4.796790,415
Buho_0,41.613780,-4.796590,416
Buho_0,41.613740,-4.796420,417
Buho_0,41.613620,-4.796210,418
Buho_0,41.613510,-4.796060,419
Buho_0,41.613310,-4.795860,420
Buho_0,41.613130,-4.795690,421
Buho_0,41.612600,-4.795250,422
Buho_0,41.612330,-4.795000,423
Buho_0,41.612260,-4.794970,424
Buho_0,41.612100,-4.794830,425
Buho_0,41.612040,-4.794750,426
Buho_0,41.612000,-4.794750,427
Buho_0,41.611970,-4.794720,428
Buho_0,41.611720,-4.794680,429
Buho_0,41.611620,-4.794680,430
Buho_0,41.611510,-4.794710,431
Buho_0,41.611390,-4.794770,432
Buho_0,41.611200,-4.794920,433
Buho_0,41.611110,-4.795040,434
Buho_0,41.611040,-4.795170,435
Buho_0,41.610990,-4.795300,436
Buho_0,41.610940,-4.795480,437
Buho_0,41.610920,-4.795650,438
Buho_0,41.610920,-4.795840,439
Buho_0,41.610950,-4.796020,440
Buho_0,41.611090,-4.796470,441
Buho_0,41.611180,-4.796790,442
Buho_0,41.611210,-4.796880,443
Buho_0,41.611250,-4.796850,444
Buho_0,41.611280,-4.796850,445
Buho_0,41.611280,-4.796840,446
Buho_0,41.611320,-4.796850,447
Buho_0,41.611370,-4.796890,448
Buho_0,41.611390,-4.796950,449
Buho_0,41.611380,-4.797060,450
Buho_0,41.611370,-4.797060,451
Buho_0,41.611370,-4.797080,452
Buho_0,41.611330,-4.797120,453
Buho_0,41.611260,-4.797130,454
Buho_0,41.611220,-4.797110,455
Buho_0,41.611210,-4.797090,456
Buho_0,41.611170,-4.797110,457
Buho_0,41.611210,-4.797090,458
Buho_0,41.611190,-4.797060,459
Buho_0,41.611190,-4.797040,460
Buho_0,41.611180,-4.797040,461
Buho_0,41.611180,-4.796940,462
Buho_0,41.611210,-4.796880,463
Buho_0,41.610950,-4.796020,464
Buho_0,41.610920,-4.795840,465
Buho_0,41.610920,-4.795650,466
Buho_0,41.610940,-4.795480,467
Buho_0,41.610990,-4.795300,468
Buho_0,41.611040,-4.795170,469
Buho_0,41.611110,-4.795040,470
Buho_0,41.611200,-4.794920,471
Buho_0,41.611390,-4.794770,472
Buho_0,41.611510,-4.794710,473
Buho_0,41.611620,-4.794680,474
Buho_0,41.611660,-4.794540,475
Buho_0,41.611660,-4.794480,476
Buho_0,41.611650,-4.794370,477
Buho_0,41.611510,-4.794300,478
Buho_0,41.611360,-4.794180,479
Buho_0,41.611270,-4.794090,480
Buho_0,41.611220,-4.794120,481
Buho_0,41.611120,-4.794110,482
Buho_0,41.611050,-4.794040,483
Buho_0,41.611020,-4.793960,484
Buho_0,41.611020,-4.793800,485
Buho_0,41.611020,-4.793850,486
Buho_0,41.611040,-4.793770,487
Buho_0,41.611120,-4.793690,488
Buho_0,41.611030,-4.792320,489
Buho_0,41.610920,-4.792290,490
Buho_0,41.610860,-4.792220,491
Buho_0,41.610840,-4.792140,492
Buho_0,41.610830,-4.792120,493
Buho_0,41.610830,-4.791990,494
Buho_0,41.610850,-4.791960,495
Buho_0,41.610860,-4.791920,496
Buho_0,41.610890,-4.791870,497
Buho_0,41.610960,-4.791820,498
Buho_0,41.611010,-4.791820,499
Buho_0,41.610960,-4.791180,500
Buho_0,41.610940,-4.790870,501
Buho_0,41.610950,-4.790770,502
Buho_0,41.610970,-4.790700,503
Buho_0,41.611150,-4.790290,504
Buho_0,41.612250,-4.787800,505
Buho_0,41.612350,-4.787600,506
Buho_0,41.612600,-4.787000,507
Buho_0,41.612780,-4.786620,508
Buho_0,41.613000,-4.786120,509
Buho_0,41.613110,-4.785990,510
Buho_0,41.613490,-4.785640,511
Buho_0,41.613040,-4.784690,512
Buho_0,41.612970,-4.784740,513
Buho_0,41.612740,-4.784850,514
Buho_0,41.612650,-4.784840,515
Buho_0,41.612430,-4.784780,516
Buho_0,41.612370,-4.784750,517
Buho_0,41.611840,-4.784320,518
Buho_0,41.612160,-4.783590,519
Buho_0,41.612350,-4.783300,520
Buho_0,41.612500,-4.783130,521
Buho_0,41.613720,-4.782090,522
Buho_0,41.617390,-4.779030,523
Buho_0,41.617500,-4.778930,524
Buho_0,41.617720,-4.778650,525
Buho_0,41.617770,-4.778570,526
Buho_0,41.617800,-4.778430,527
Buho_0,41.617870,-4.778230,528
Buho_0,41.617940,-4.777980,529
Buho_0,41.617960,-4.777950,530
Buho_0,41.618730,-4.775650,531
Buho_0,41.618950,-4.775030,532
Buho_0,41.619030,-4.774730,533
Buho_0,41.619050,-4.774700,534
Buho_0,41.620740,-4.774090,535
Buho_0,41.621080,-4.773990,536
Buho_0,41.621150,-4.774010,537
Buho_0,41.621800,-4.774420,538
Buho_0,41.621940,-4.774420,539
Buho_0,41.621960,-4.774360,540
Buho_0,41.622030,-4.774310,541
Buho_0,41.622090,-4.774310,542
Buho_0,41.622140,-4.774330,543
Buho_0,41.622150,-4.774350,544
Buho_0,41.622220,-4.774220,545
Buho_0,41.622790,-4.772620,546
Buho_0,41.623090,-4.771730,547
Buho_0,41.623880,-4.769460,548
Buho_0,41.623970,-4.769220,549
Buho_0,41.624110,-4.768890,550
Buho_0,41.624040,-4.768800,551
Buho_0,41.624010,-4.768730,552
Buho_0,41.623980,-4.768610,553
Buho_0,41.623990,-4.768520,554
Buho_0,41.624010,-4.768470,555
Buho_0,41.624050,-4.768410,556
Buho_0,41.624120,-4.768350,557
Buho_0,41.624160,-4.768330,558
Buho_0,41.624280,-4.768340,559
Buho_0,41.624350,-4.768140,560
Buho_0,41.624350,-4.768000,561
Buho_0,41.624650,-4.767110,562
Buho_0,41.624690,-4.767020,563
Buho_0,41.624780,-4.766900,564
Buho_0,41.625000,-4.766230,565
Buho_0,41.625170,-4.765770,566
Buho_0,41.625400,-4.765040,567
Buho_0,41.626080,-4.763090,568
Buho_0,41.626600,-4.761550,569
Buho_0,41.626930,-4.760600,570
Buho_0,41.627730,-4.758380,571
Buho_0,41.628210,-4.756940,572
Buho_0,41.628500,-4.756150,573
Buho_0,41.628640,-4.755830,574
Buho_0,41.628880,-4.755330,575
Buho_0,41.629060,-4.755010,576
Buho_0,41.629440,-4.754440,577
Buho_0,41.629620,-4.754200,578
Buho_0,41.630200,-4.753570,579
Buho_0,41.632780,-4.750970,580
Buho_0,41.633080,-4.750640,581
Buho_0,41.633500,-4.750100,582
Buho_0,41.633660,-4.749710,583
Buho_0,41.633690,-4.749570,584
Buho_0,41.633720,-4.749510,585
Buho_0,41.633730,-4.749120,586
Buho_0,41.633760,-4.749050,587
Buho_0,41.633650,-4.748160,588
Buho_0,41.633590,-4.747530,589
Buho_0,41.633550,-4.747230,590
Buho_0,41.633260,-4.744540,591
Buho_0,41.633260,-4.744470,592
Buho_0,41.633190,-4.744250,593
Buho_0,41.633050,-4.743060,594
Buho_0,41.632960,-4.742120,595
Buho_0,41.632880,-4.741470,596
Buho_0,41.632740,-4.740100,597
Buho_0,41.633960,-4.739900,598
Buho_0,41.634500,-4.739790,599
Buho_0,41.635180,-4.739670,600
Buho_0,41.635470,-4.739590,601
Buho_0,41.636710,-4.739180,602
Buho_0,41.637620,-4.738870,603
Buho_0,41.639900,-4.737950,604
Buho_0,41.640760,-4.737610,605
Buho_0,41.640830,-4.737590,606
Buho_0,41.641110,-4.737450,607
Buho_0,41.641870,-4.737140,608
Buho_0,41.642290,-4.736920,609
Buho_0,41.642690,-4.736620,610
Buho_0,41.642790,-4.736510,611
Buho_0,41.643880,-4.735110,612
Buho_0,41.644060,-4.734850,613
Buho_0,41.644800,-4.733920,614
Buho_0,41.645080,-4.733540,615
Buho_0,41.645650,-4.732860,616
Buho_0,41.647180,-4.730940,617
Buho_0,41.647250,-4.730870,618
Buho_0,41.647290,-4.730850,619
Buho_0,41.647360,-4.730870,620
Buho_0,41.648610,-4.732720,621
Buho_0,41.648800,-4.732890,622
Buho_0,41.648900,-4.732930,623
Buho_0,41.649000,-4.732950,624
Buho_0,41.649150,-4.732930,625
Buho_0,41.650120,-4.732660,626
Buho_0,41.650710,-4.732560,627
Buho_0,41.652430,-4.732310,628
Buho_0,41.653236,-4.732150,629
Roja_0,41.641407,-4.732500,0
Roja_0,41.641140,-4.732500,1
Roja_0,41.640900,-4.736570,2
Roja_0,41.640860,-4.737110,3
Roja_0,41.640830,-4.737690,4
Roja_0,41.639930,-4.738070,5
Roja_0,41.639260,-4.738330,6
Roja_0,41.639190,-4.738370,7
Roja_0,41.637640,-4.738980,8
Roja_0,41.636580,-4.739340,9
Roja_0,41.635490,-4.739730,10
Roja_0,41.635200,-4.739810,11
Roja_0,41.634520,-4.739940,12
Roja_0,41.633950,-4.740040,13
Roja_0,41.633500,-4.740090,14
Roja_0,41.632830,-4.740220,15
Roja_0,41.632940,-4.741270,16
Roja_0,41.633040,-4.742110,17
Roja_0,41.633070,-4.742570,18
Roja_0,41.633270,-4.744240,19
Roja_0,41.633260,-4.744350,20
Roja_0,41.633260,-4.744540,21
Roja_0,41.633600,-4.747710,22
Roja_0,41.633740,-4.748910,23
Roja_0,41.633760,-4.749050,24
Roja_0,41.633800,-4.749110,25
Roja_0,41.633910,-4.749390,26
Roja_0,41.634020,-4.749420,27
Roja_0,41.634090,-4.749480,28
Roja_0,41.634150,-4.749600,29
Roja_0,41.633740,-4.749980,30
Roja_0,41.632950,-4.750990,31
Roja_0,41.632390,-4.751610,32
Roja_0,41.632170,-4.751810,33
Roja_0,41.631930,-4.752060,34
Roja_0,41.631050,-4.752910,35
Roja_0,41.630520,-4.753460,36
Roja_0,41.630280,-4.753680,37
Roja_0,41.629760,-4.754260,38
Roja_0,41.629490,-4.754590,39
Roja_0,41.629250,-4.754920,40
Roja_0,41.628960,-4.755390,41
Roja_0,41.628590,-4.756180,42
Roja_0,41.628450,-4.756520,43
Roja_0,41.628160,-4.757370,44
Roja_0,41.627810,-4.758440,45
Roja_0,41.626470,-4.762240,46
Roja_0,41.625490,-4.765090,47
Roja_0,41.625240,-4.765840,48
Roja_0,41.625290,-4.765930,49
Roja_0,41.625310,-4.765990,50
Roja_0,41.625310,-4.766140,51
Roja_0,41.625280,-4.766230,52
Roja_0,41.625320,-4.766310,53
Roja_0,41.625320,-4.766360,54
Roja_0,41.625330,-4.766380,55
Roja_0,41.625320,-4.766420,56
Roja_0,41.625390,-4.766590,57
Roja_0,41.625980,-4.767370,58
Roja_0,41.626140,-4.767550,59
Roja_0,41.626500,-4.768040,60
Roja_0,41.627000,-4.768800,61
Roja_0,41.627310,-4.769230,62
Roja_0,41.627520,-4.769580,63
Roja_0,41.627990,-4.769980,64
Roja_0,41.628080,-4.770040,65
Roja_0,41.628320,-4.770270,66
Roja_0,41.628610,-4.770510,67
Roja_0,41.628580,-4.770600,68
Roja_0,41.628510,-4.771360,69
Roja_0,41.628420,-4.772080,70
Roja_0,41.628360,-4.772780,71
Roja_0,41.628330,-4.773440,72
Roja_0,41.628270,-4.774170,73
Roja_0,41.628190,-4.774970,74
Roja_0,41.628140,-4.775900,75
Roja_0,41.627350,-4.775800,76
Roja_0,41.627090,-4.775750,77
Roja_0,41.626350,-4.775670,78
Roja_0,41.626360,-4.775320,79
Roja_0,41.626410,-4.774580,80
Roja_0,41.626400,-4.774550,81
Roja_0,41.626320,-4.773920,82
Roja_0,41.625510,-4.773830,83
Roja_0,41.625310,-4.775290,84
Roja_0,41.625080,-4.776000,85
Roja_0,41.625060,-4.776110,86
Roja_0,41.625110,-4.776170,87
Roja_0,41.625140,-4.776280,88
Roja_0,41.625130,-4.776400,89
Roja_0,41.625090,-4.776470,90
Roja_0,41.625020,-4.776530,91
Roja_0,41.624990,-4.776540,92
Roja_0,41.624930,-4.776530,93
Roja_0,41.624500,-4.777800,94
Roja_0,41.624120,-4.778760,95
Roja_0,41.624030,-4.779020,96
Roja_0,41.623880,-4.779600,97
Roja_0,41.623920,-4.779660,98
Roja_0,41.623940,-4.779740,99
Roja_0,41.623940,-4.779810,100
Roja_0,41.623920,-4.779890,101
Roja_0,41.623860,-4.779970,102
Roja_0,41.623820,-4.779990,103
Roja_0,41.623740,-4.779990,104
Roja_0,41.623620,-4.780270,105
Roja_0,41.623390,-4.780920,106
Roja_0,41.623160,-4.781570,107
Roja_0,41.622950,-4.782250,108
Roja_0,41.622610,-4.783220,109
Roja_0,41.622450,-4.783740,110
Roja_0,41.621970,-4.785160,111
Roja_0,41.621760,-4.785690,112
Roja_0,41.621650,-4.786070,113
Roja_0,41.620880,-4.788280,114
Roja_0,41.620600,-4.789040,115
Roja_0,41.620270,-4.790000,116
Roja_0,41.620260,-4.790010,117
Roja_0,41.619080,-4.793440,118
Roja_0,41.618100,-4.796220,119
Roja_0,41.618140,-4.796280,120
Roja_0,41.618150,-4.796350,121
Roja_0,41.619830,-4.796320,122
Roja_0,41.620170,-4.796300,123
Roja_0,41.620370,-4.796270,124
Roja_0,41.620500,-4.796240,125
Roja_0,41.620690,-4.796170,126
Roja_0,41.620850,-4.796090,127
Roja_0,41.621010,-4.795980,128
Roja_0,41.621470,-4.795710,129
Roja_0,41.621670,-4.795640,130
Roja_0,41.621910,-4.795600,131
Roja_0,41.622040,-4.795600,132
Roja_0,41.622110,-4.795620,133
Roja_0,41.622110,-4.795600,134
Roja_0,41.622150,-4.795540,135
Roja_0,41.622210,-4.795510,136
Roja_0,41.622280,-4.795510,137
Roja_0,41.622350,-4.795570,138
Roja_0,41.622380,-4.795640,139
Roja_0,41.622380,-4.795730,140
Roja_0,41.622560,-4.795800,141
Roja_0,41.623210,-4.796040,142
Roja_0,41.624280,-4.796310,143
Roja_0,41.624680,-4.796270,144
Roja_0,41.625260,-4.796030,145
Roja_0,41.625360,-4.795970,146
Roja_0,41.626280,-4.795230,147
Roja_0,41.627100,-4.794470,148
Roja_0,41.627600,-4.793980,149
Roja_0,41.627750,-4.793820,150
Roja_0,41.628660,-4.793070,151
Roja_0,41.629370,-4.792550,152
Roja_0,41.629460,-4.792520,153
Roja_0,41.629540,-4.792470,154
Roja_0,41.629770,-4.792390,155
Roja_0,41.630190,-4.792210,156
Roja_0,41.630530,-4.792040,157
Roja_0,41.630740,-4.791880,158
Roja_0,41.630950,-4.791640,159
Roja_0,41.630900,-4.791530,160
Roja_0,41.630900,-4.791360,161
Roja_0,41.630910,-4.791310,162
Roja_0,41.630950,-4.791210,163
Roja_0,41.631030,-4.791100,164
Roja_0,41.630990,-4.790810,165
Roja_0,41.630650,-4.789370,166
Roja_0,41.630570,-4.789360,167
Roja_0,41.630490,-4.789300,168
Roja_0,41.630440,-4.789180,169
Roja_0,41.630440,-4.789040,170
Roja_0,41.630460,-4.788980,171
Roja_0,41.630520,-4.788890,172
Roja_0,41.630600,-4.788850,173
Roja_0,41.630680,-4.788860,174
Roja_0,41.631030,-4.787040,175
Roja_0,41.630960,-4.786930,176
Roja_0,41.630950,-4.786890,177
Roja_0,41.630950,-4.786770,178
Roja_0,41.630990,-4.786660,179
Roja_0,41.631050,-4.786600,180
Roja_0,41.631100,-4.786580,181
Roja_0,41.631190,-4.786590,182
Roja_0,41.631250,-4.786630,183
Roja_0,41.631300,-4.786710,184
Roja_0,41.631310,-4.786770,185
Roja_0,41.631320,-4.786790,186
Roja_0,41.631320,-4.786870,187
Roja_0,41.631280,-4.786980,188
Roja_0,41.631220,-4.787050,189
Roja_0,41.631120,-4.787080,190
Roja_0,41.630750,-4.788900,191
Roja_0,41.630810,-4.788980,192
Roja_0,41.630810,-4.789010,193
Roja_0,41.630830,-4.789050,194
Roja_0,41.630830,-4.789170,195
Roja_0,41.630790,-4.789270,196
Roja_0,41.630740,-4.789330,197
Roja_0,41.631090,-4.790910,198
Roja_0,41.631160,-4.791040,199
Roja_0,41.631270,-4.791050,200
Roja_0,41.631370,-4.791120,201
Roja_0,41.631400,-4.791160,202
Roja_0,41.631460,-4.791290,203
Roja_0,41.631470,-4.791350,204
Roja_0,41.631470,-4.791500,205
Roja_0,41.631460,-4.791550,206
Roja_0,41.631400,-4.791680,207
Roja_0,41.631340,-4.791750,208
Roja_0,41.631230,-4.791800,209
Roja_0,41.631150,-4.791800,210
Roja_0,41.631060,-4.791770,211
Roja_0,41.630550,-4.792130,212
Roja_0,41.629400,-4.792700,213
Roja_0,41.629270,-4.792770,214
Roja_0,41.628940,-4.792990,215
Roja_0,41.628610,-4.793240,216
Roja_0,41.628450,-4.793390,217
Roja_0,41.627840,-4.793900,218
Roja_0,41.626520,-4.795150,219
Roja_0,41.626360,-4.795270,220
Roja_0,41.625610,-4.795920,221
Roja_0,41.625340,-4.796120,222
Roja_0,41.625100,-4.796270,223
Roja_0,41.624910,-4.796360,224
Roja_0,41.624710,-4.796410,225
Roja_0,41.624570,-4.796430,226
Roja_0,41.624030,-4.796390,227
Roja_0,41.623570,-4.796250,228
Roja_0,41.623160,-4.796150,229
Roja_0,41.622590,-4.795910,230
Roja_0,41.622350,-4.795840,231
Roja_0,41.622270,-4.795900,232
Roja_0,41.622210,-4.795900,233
Roja_0,41.622170,-4.795880,234
Roja_0,41.622070,-4.796080,235
Roja_0,41.622010,-4.796180,236
Roja_0,41.621870,-4.796600,237
Roja_0,41.621800,-4.796960,238
Roja_0,41.621800,-4.797440,239
Roja_0,41.621850,-4.797830,240
Roja_0,41.621940,-4.798320,241
Roja_0,41.621940,-4.798700,242
Roja_0,41.621910,-4.798950,243
Roja_0,41.621800,-4.799310,244
Roja_0,41.621650,-4.799620,245
Roja_0,41.621430,-4.799900,246
Roja_0,41.620930,-4.800440,247
Roja_0,41.620170,-4.801220,248
Roja_0,41.620540,-4.801790,249
Roja_0,41.620610,-4.801870,250
Roja_0,41.620650,-4.801860,251
Roja_0,41.620730,-4.801890,252
Roja_0,41.620780,-4.801960,253
Roja_0,41.620810,-4.802080,254
Roja_0,41.620780,-4.802190,255
Roja_0,41.620820,-4.802270,256
Roja_0,41.620840,-4.802350,257
Roja_0,41.621320,-4.803210,258
Roja_0,41.621720,-4.803880,259
Roja_0,41.622200,-4.804760,260
Roja_0,41.622250,-4.804730,261
Roja_0,41.622310,-4.804730,262
Roja_0,41.622350,-4.804750,263
Roja_0,41.622380,-4.804770,264
Roja_0,41.622420,-4.804840,265
Roja_0,41.622420,-4.804870,266
Roja_0,41.622430,-4.804880,267
Roja_0,41.622430,-4.804990,268
Roja_0,41.622420,-4.805000,269
Roja_0,41.622420,-4.805030,270
Roja_0,41.622350,-4.805120,271
Roja_0,41.622260,-4.805140,272
Roja_0,41.622210,-4.805120,273
Roja_0,41.622180,-4.805090,274
Roja_0,41.621460,-4.806430,275
Roja_0,41.620370,-4.808300,276
Roja_0,41.620390,-4.808310,277
Roja_0,41.620420,-4.808390,278
Roja_0,41.620430,-4.808400,279
Roja_0,41.620430,-4.808520,280
Roja_0,41.620420,-4.808530,281
Roja_0,41.620410,-4.808570,282
Roja_0,41.621030,-4.809190,283
Roja_0,41.621360,-4.809540,284
Roja_0,41.621710,-4.809870,285
Roja_0,41.622320,-4.810510,286
Roja_0,41.621810,-4.811430,287
Roja_0,41.621450,-4.811950,288
Roja_0,41.621320,-4.811900,289
Roja_0,41.621220,-4.811900,290
Roja_0,41.621120,-4.811950,291
Roja_0,41.620950,-4.812120,292
Roja_0,41.620720,-4.812520,293
Roja_0,41.620630,-4.812720,294
Roja_0,41.620610,-4.812750,295
Roja_0,41.620450,-4.813200,296
Roja_0,41.620340,-4.813700,297
Roja_0,41.620240,-4.813950,298
Roja_0,41.620080,-4.814220,299
Roja_0,41.620050,-4.814290,300
Roja_0,41.619730,-4.814760,301
Roja_0,41.619560,-4.814440,302
Roja_0,41.618970,-4.813180,303
Roja_0,41.618550,-4.811930,304
Roja_0,41.618530,-4.811950,305
Roja_0,41.618460,-4.811970,306
Roja_0,41.618360,-4.811930,307
Roja_0,41.618350,-4.811910,308
Roja_0,41.618140,-4.812300,309
Roja_0,41.618080,-4.812450,310
Roja_0,41.618060,-4.812770,311
Roja_0,41.618070,-4.812810,312
Roja_0,41.618080,-4.812820,313
Roja_0,41.618080,-4.812930,314
Roja_0,41.618070,-4.812940,315
Roja_0,41.618060,-4.812990,316
Roja_0,41.618040,-4.813020,317
Roja_0,41.618030,-4.813050,318
Roja_0,41.617960,-4.813100,319
Roja_0,41.617900,-4.813110,320
Roja_0,41.617810,-4.813070,321
Roja_0,41.617780,-4.813030,322
Roja_0,41.617740,-4.812930,323
Roja_0,41.617740,-4.812820,324
Roja_0,41.617760,-4.812770,325
Roja_0,41.617640,-4.812270,326
Roja_0,41.617200,-4.810950,327
Roja_0,41.616410,-4.808700,328
Roja_0,41.615470,-4.805780,329
Roja_0,41.615300,-4.805360,330
Roja_0,41.615220,-4.805240,331
Roja_0,41.615080,-4.805270,332
Roja_0,41.614980,-4.805240,333
Roja_0,41.614890,-4.805180,334
Roja_0,41.614810,-4.805070,335
Roja_0,41.614770,-4.804950,336
Roja_0,41.614750,-4.804810,337
Roja_0,41.614750,-4.804740,338
Roja_0,41.614810,-4.804540,339
Roja_0,41.614900,-4.804430,340
Roja_0,41.614960,-4.804380,341
Roja_0,41.615090,-4.804340,342
Roja_0,41.615190,-4.804360,343
Roja_0,41.615290,-4.804420,344
Roja_0,41.615310,-4.804450,345
Roja_0,41.615850,-4.803740,346
Roja_0,41.615900,-4.803690,347
Roja_0,41.616420,-4.803030,348
Roja_0,41.616540,-4.802860,349
Roja_0,41.617070,-4.802200,350
Roja_0,41.617730,-4.801340,351
Roja_0,41.619050,-4.799680,352
Roja_0,41.619050,-4.799500,353
Roja_0,41.618720,-4.798960,354
Roja_0,41.618190,-4.798050,355
Roja_0,41.618070,-4.797770,356
Roja_0,41.618000,-4.797440,357
Roja_0,41.617980,-4.796580,358
Roja_0,41.617910,-4.796540,359
Roja_0,41.617890,-4.796510,360
Roja_0,41.614930,-4.798520,361
Roja_0,41.614190,-4.799010,362
Roja_0,41.613230,-4.799670,363
Roja_0,41.613190,-4.799750,364
Roja_0,41.612970,-4.799900,365
Roja_0,41.612980,-4.800040,366
Roja_0,41.612940,-4.800160,367
Roja_0,41.612870,-4.800260,368
Roja_0,41.612740,-4.800320,369
Roja_0,41.612680,-4.800320,370
Roja_0,41.612580,-4.800270,371
Roja_0,41.612550,-4.800240,372
Roja_0,41.612490,-4.800110,373
Roja_0,41.612480,-4.800040,374
Roja_0,41.612490,-4.799890,375
Roja_0,41.612550,-4.799770,376
Roja_0,41.612600,-4.799460,377
Roja_0,41.612650,-4.799290,378
Roja_0,41.612700,-4.799210,379
Roja_0,41.613080,-4.798460,380
Roja_0,41.613470,-4.797660,381
Roja_0,41.613620,-4.797380,382
Roja_0,41.613710,-4.797170,383
Roja_0,41.613760,-4.797010,384
Roja_0,41.613790,-4.796790,385
Roja_0,41.613780,-4.796590,386
Roja_0,41.613740,-4.796420,387
Roja_0,41.613620,-4.796210,388
Roja_0,41.613510,-4.796060,389
Roja_0,41.613310,-4.795860,390
Roja_0,41.613130,-4.795690,391
Roja_0,41.612600,-4.795250,392
Roja_0,41.612330,-4.795000,393
Roja_0,41.612260,-4.794970,394
Roja_0,41.612100,-4.794830,395
Roja_0,41.612040,-4.794750,396
Roja_0,41.612000,-4.794750,397
Roja_0,41.611970,-4.794720,398
Roja_0,41.611720,-4.794680,399
Roja_0,41.611620,-4.794680,400
Roja_0,41.611510,-4.794710,401
Roja_0,41.611390,-4.794770,402
Roja_0,41.611200,-4.794920,403
Roja_0,41.611110,-4.795040,404
Roja_0,41.611040,-4.795170,405
Roja_0,41.610990,-4.795300,406
Roja_0,41.610940,-4.795480,407
Roja_0,41.610920,-4.795650,408
Roja_0,41.610920,-4.795840,409
Roja_0,41.610950,-4.796020,410
Roja_0,41.611090,-4.796470,411
Roja_0,41.611180,-4.796790,412
Roja_0,41.611210,-4.796880,413
Roja_0,41.611250,-4.796850,414
Roja_0,41.611280,-4.796850,415
Roja_0,41.611280,-4.796840,416
Roja_0,41.611320,-4.796850,417
Roja_0,41.611370,-4.796890,418
Roja_0,41.611390,-4.796950,419
Roja_0,41.611380,-4.797060,420
Roja_0,41.611370,-4.797060,421
Roja_0,41.611370,-4.797080,422
Roja_0,41.611330,-4.797120,423
Roja_0,41.611260,-4.797130,424
Roja_0,41.611220,-4.797110,425
Roja_0,41.611210,-4.797090,426
Roja_0,41.611170,-4.797110,427
Roja_0,41.611210,-4.797090,428
Roja_0,41.611190,-4.797060,429
Roja_0,41.611190,-4.797040,430
Roja_0,41.611180,-4.797040,431
Roja_0,41.611180,-4.796940,432
Roja_0,41.611210,-4.796880,433
Roja_0,41.610950,-4.796020,434
Roja_0,41.610920,-4.795840,435
Roja_0,41.610920,-4.795650,436
Roja_0,41.610940,-4.795480,437
Roja_0,41.610990,-4.795300,438
Roja_0,41.611040,-4.795170,439
Roja_0,41.611110,-4.795040,440
Roja_0,41.611200,-4.794920,441
Roja_0,41.611390,-4.794770,442
Roja_0,41.611510,-4.794710,443
Roja_0,41.611620,-4.794680,444
Roja_0,41.611660,-4.794540,445
Roja_0,41.611660,-4.794480,446
Roja_0,41.611650,-4.794370,447
Roja_0,41.611510,-4.794300,448
Roja_0,41.611360,-4.794180,449
Roja_0,41.611270,-4.794090,450
Roja_0,41.611220,-4.794120,451
Roja_0,41.611120,-4.794110,452
Roja_0,41.611050,-4.794040,453
Roja_0,41.611020,-4.793960,454
Roja_0,41.611020,-4.793830,455
Roja_0,41.611040,-4.793770,456
Roja_0,41.611120,-4.793690,457
Roja_0,41.611030,-4.792320,458
Roja_0,41.610920,-4.792290,459
Roja_0,41.610860,-4.792220,460
Roja_0,41.610840,-4.792140,461
Roja_0,41.610830,-4.792120,462
Roja_0,41.610830,-4.791990,463
Roja_0,41.610850,-4.791960,464
Roja_0,41.610860,-4.791920,465
Roja_0,41.610890,-4.791870,466
Roja_0,41.610960,-4.791820,467
Roja_0,41.611010,-4.791820,468
Roja_0,41.610960,-4.791180,469
Roja_0,41.610940,-4.790870,470
Roja_0,41.610950,-4.790770,471
Roja_0,41.610970,-4.790700,472
Roja_0,41.611150,-4.790290,473
Roja_0,41.612250,-4.787800,474
Roja_0,41.612350,-4.787600,475
Roja_0,41.612600,-4.787000,476
Roja_0,41.612780,-4.786620,477
Roja_0,41.613000,-4.786120,478
Roja_0,41.613110,-4.785990,479
Roja_0,41.613490,-4.785640,480
Roja_0,41.613040,-4.784690,481
Roja_0,41.612970,-4.784740,482
Roja_0,41.612740,-4.784850,483
Roja_0,41.612650,-4.784840,484
Roja_0,41.612430,-4.784780,485
Roja_0,41.612370,-4.784750,486
Roja_0,41.611840,-4.784320,487
Roja_0,41.612160,-4.783590,488
Roja_0,41.612350,-4.783300,489
Roja_0,41.612500,-4.783130,490
Roja_0,41.613720,-4.782090,491
Roja_0,41.617390,-4.779030,492
Roja_0,41.617500,-4.778930,493
Roja_0,41.617720,-4.778650,494
Roja_0,41.617770,-4.778570,495
Roja_0,41.617800,-4.778430,496
Roja_0,41.617870,-4.778230,497
Roja_0,41.617940,-4.777980,498
Roja_0,41.617960,-4.777950,499
Roja_0,41.618730,-4.775650,500
Roja_0,41.618950,-4.775030,501
Roja_0,41.619030,-4.774730,502
Roja_0,41.619050,-4.774700,503
Roja_0,41.620740,-4.774090,504
Roja_0,41.621080,-4.773990,505
Roja_0,41.621150,-4.774010,506
Roja_0,41.621800,-4.774420,507
Roja_0,41.621940,-4.774420,508
Roja_0,41.621960,-4.774360,509
Roja_0,41.622030,-4.774310,510
Roja_0,41.622090,-4.774310,511
Roja_0,41.622140,-4.774330,512
Roja_0,41.622150,-4.774350,513
Roja_0,41.622220,-4.774220,514
Roja_0,41.622790,-4.772620,515
Roja_0,41.623090,-4.771730,516
Roja_0,41.623880,-4.769460,517
Roja_0,41.623970,-4.769220,518
Roja_0,41.624110,-4.768890,519
Roja_0,41.624040,-4.768800,520
Roja_0,41.624010,-4.768730,521
Roja_0,41.623980,-4.768610,522
Roja_0,41.623990,-4.768520,523
Roja_0,41.624010,-4.768470,524
Roja_0,41.624050,-4.768410,525
Roja_0,41.624120,-4.768350,526
Roja_0,41.624160,-4.768330,527
Roja_0,41.624280,-4.768340,528
Roja_0,41.624350,-4.768140,529
Roja_0,41.624350,-4.768000,530
Roja_0,41.624650,-4.767110,531
Roja_0,41.624690,-4.767020,532
Roja_0,41.624780,-4.766900,533
Roja_0,41.625000,-4.766230,534
Roja_0,41.625170,-4.765770,535
Roja_0,41.625400,-4.765040,536
Roja_0,41.626080,-4.763090,537
Roja_0,41.626600,-4.761550,538
Roja_0,41.626930,-4.760600,539
Roja_0,41.627730,-4.758380,540
Roja_0,41.628210,-4.756940,541
Roja_0,41.628500,-4.756150,542
Roja_0,41.628640,-4.755830,543
Roja_0,41.628880,-4.755330,544
Roja_0,41.629060,-4.755010,545
Roja_0,41.629440,-4.754440,546
Roja_0,41.629620,-4.754200,547
Roja_0,41.630200,-4.753570,548
Roja_0,41.632780,-4.750970,549
Roja_0,41.633080,-4.750640,550
Roja_0,41.633500,-4.750100,551
Roja_0,41.633660,-4.749710,552
Roja_0,41.633690,-4.749570,553
Roja_0,41.633720,-4.749510,554
Roja_0,41.633730,-4.749120,555
Roja_0,41.633760,-4.749050,556
Roja_0,41.633650,-4.748160,557
Roja_0,41.633590,-4.747530,558
Roja_0,41.633550,-4.747230,559
Roja_0,41.633260,-4.744540,560
Roja_0,41.633260,-4.744470,561
Roja_0,41.633190,-4.744250,562
Roja_0,41.633050,-4.743060,563
Roja_0,41.632960,-4.742120,564
Roja_0,41.632880,-4.741470,565
Roja_0,41.632740,-4.740100,566
Roja_0,41.633960,-4.739900,567
Roja_0,41.634500,-4.739790,568
Roja_0,41.635180,-4.739670,569
Roja_0,41.635470,-4.739590,570
Roja_0,41.637620,-4.738870,571
Roja_0,41.639900,-4.737950,572
Roja_0,41.640760,-4.737610,573
Roja_0,41.640830,-4.737590,574
Roja_0,41.641110,-4.737450,575
Roja_0,41.641690,-4.737220,576
Roja_0,41.642090,-4.737030,577
Roja_0,41.642290,-4.736920,578
Roja_0,41.642690,-4.736620,579
Roja_0,41.642790,-4.736510,580
Roja_0,41.643880,-4.735110,581
Roja_0,41.644060,-4.734850,582
Roja_0,41.644800,-4.733920,583
Roja_0,41.645080,-4.733540,584
Roja_0,41.645070,-4.733540,585
Roja_0,41.644670,-4.732750,586
Roja_0,41.644540,-4.732400,587
Roja_0,41.644490,-4.732220,588
Roja_0,41.644480,-4.732140,589
Roja_0,41.644430,-4.731900,590
Roja_0,41.644360,-4.731400,591
Roja_0,41.644230,-4.731430,592
Roja_0,41.643820,-4.731570,593
Roja_0,41.643500,-4.731700,594
Roja_0,41.643090,-4.731900,595
Roja_0,41.642820,-4.731990,596
Roja_0,41.642450,-4.732020,597
Roja_0,41.642310,-4.731840,598
Roja_0,41.642100,-4.731770,599
Roja_0,41.642020,-4.731730,600
Roja_0,41.641470,-4.731560,601
Roja_0,41.641370,-4.731540,602
Roja_0,41.641200,-4.731545,603
Roja_0,41.641140,-4.732500,604
Roja_0,41.641407,-4.732529,605
Verde_0,41.651060,-4.719900,0
Verde_0,41.651650,-4.719010,1
Verde_0,41.651890,-4.718610,2
Verde_0,41.652130,-4.718320,3
Verde_0,41.652210,-4.718250,4
Verde_0,41.652250,-4.718230,5
Verde_0,41.652550,-4.718160,6
Verde_0,41.652840,-4.718060,7
Verde_0,41.654130,-4.717720,8
Verde_0,41.654190,-4.717390,9
Verde_0,41.654280,-4.717160,10
Verde_0,41.654750,-4.716300,11
Verde_0,41.656070,-4.713730,12
Verde_0,41.656180,-4.713560,13
Verde_0,41.656360,-4.713480,14
Verde_0,41.656490,-4.713450,15
Verde_0,41.656630,-4.713450,16
Verde_0,41.656730,-4.713470,17
Verde_0,41.656910,-4.713590,18
Verde_0,41.658740,-4.715210,19
Verde_0,41.658960,-4.715420,20
Verde_0,41.659570,-4.714090,21
Verde_0,41.660040,-4.713380,22
Verde_0,41.660250,-4.713020,23
Verde_0,41.664250,-4.706840,24
Verde_0,41.664330,-4.706730,25
Verde_0,41.664770,-4.706030,26
Verde_0,41.665000,-4.705630,27
Verde_0,41.665420,-4.705000,28
Verde_0,41.665600,-4.704680,29
Verde_0,41.665970,-4.704200,30
Verde_0,41.666000,-4.704080,31
Verde_0,41.666060,-4.703980,32
Verde_0,41.666070,-4.703940,33
Verde_0,41.666100,-4.703760,34
Verde_0,41.666070,-4.703650,35
Verde_0,41.666000,-4.703530,36
Verde_0,41.665840,-4.703140,37
Verde_0,41.665260,-4.702420,38
Verde_0,41.664950,-4.701970,39
Verde_0,41.664670,-4.701520,40
Verde_0,41.662850,-4.698300,41
Verde_0,41.662770,-4.698180,42
Verde_0,41.662710,-4.698070,43
Verde_0,41.661960,-4.696950,44
Verde_0,41.661320,-4.696110,45
Verde_0,41.660810,-4.695510,46
Verde_0,41.660370,-4.695050,47
Verde_0,41.660270,-4.694970,48
Verde_0,41.659820,-4.694520,49
Verde_0,41.659460,-4.694230,50
Verde_0,41.658700,-4.693680,51
Verde_0,41.657710,-4.693120,52
Verde_0,41.657270,-4.692920,53
Verde_0,41.656740,-4.692720,54
Verde_0,41.656250,-4.692570,55
Verde_0,41.655530,-4.692390,56
Verde_0,41.654630,-4.692270,57
Verde_0,41.653800,-4.692250,58
Verde_0,41.653210,-4.692290,59
Verde_0,41.652930,-4.692320,60
Verde_0,41.652260,-4.692440,61
Verde_0,41.651700,-4.692580,62
Verde_0,41.651380,-4.692680,63
Verde_0,41.650430,-4.693070,64
Verde_0,41.649980,-4.693290,65
Verde_0,41.649400,-4.693630,66
Verde_0,41.645500,-4.696110,67
Verde_0,41.645090,-4.696450,68
Verde_0,41.644830,-4.696720,69
Verde_0,41.644670,-4.696930,70
Verde_0,41.644440,-4.697290,71
Verde_0,41.644210,-4.697790,72
Verde_0,41.644020,-4.698340,73
Verde_0,41.643760,-4.699210,74
Verde_0,41.643530,-4.699860,75
Verde_0,41.643300,-4.700370,76
Verde_0,41.643100,-4.700740,77
Verde_0,41.642880,-4.701080,78
Verde_0,41.642450,-4.701620,79
Verde_0,41.642140,-4.701930,80
Verde_0,41.641980,-4.702070,81
Verde_0,41.641650,-4.702310,82
Verde_0,41.641300,-4.702520,83
Verde_0,41.640780,-4.702750,84
Verde_0,41.640460,-4.702840,85
Verde_0,41.639970,-4.702920,86
Verde_0,41.639700,-4.702930,87
Verde_0,41.639380,-4.702910,88
Verde_0,41.638980,-4.702850,89
Verde_0,41.638650,-4.702770,90
Verde_0,41.636440,-4.702140,91
Verde_0,41.636100,-4.702060,92
Verde_0,41.635780,-4.702020,93
Verde_0,41.635540,-4.702010,94
Verde_0,41.635210,-4.702040,95
Verde_0,41.634920,-4.702090,96
Verde_0,41.634550,-4.702210,97
Verde_0,41.634230,-4.702360,98
Verde_0,41.634010,-4.702490,99
Verde_0,41.633620,-4.702790,100
Verde_0,41.633340,-4.703060,101
Verde_0,41.633030,-4.703440,102
Verde_0,41.632900,-4.703940,103
Verde_0,41.632890,-4.704020,104
Verde_0,41.632860,-4.704090,105
Verde_0,41.632870,-4.704160,106
Verde_0,41.632870,-4.704250,107
Verde_0,41.632860,-4.704280,108
Verde_0,41.633000,-4.704600,109
Verde_0,41.633130,-4.704790,110
Verde_0,41.633480,-4.705070,111
Verde_0,41.634160,-4.705720,112
Verde_0,41.634360,-4.705930,113
Verde_0,41.634710,-4.706220,114
Verde_0,41.634780,-4.706160,115
Verde_0,41.634860,-4.706140,116
Verde_0,41.634970,-4.706180,117
Verde_0,41.635020,-4.706240,118
Verde_0,41.635060,-4.706320,119
Verde_0,41.635080,-4.706440,120
Verde_0,41.635070,-4.706510,121
Verde_0,41.635060,-4.706530,122
Verde_0,41.635050,-4.706580,123
Verde_0,41.635020,-4.706630,124
Verde_0,41.634970,-4.706690,125
Verde_0,41.634880,-4.706730,126
Verde_0,41.634660,-4.707060,127
Verde_0,41.633170,-4.710510,128
Verde_0,41.632090,-4.712850,129
Verde_0,41.632140,-4.712910,130
Verde_0,41.632140,-4.713070,131
Verde_0,41.632130,-4.713090,132
Verde_0,41.632120,-4.713090,133
Verde_0,41.632110,-4.713120,134
Verde_0,41.632070,-4.713150,135
Verde_0,41.632020,-4.713160,136
Verde_0,41.631960,-4.713130,137
Verde_0,41.631560,-4.714020,138
Verde_0,41.631580,-4.714110,139
Verde_0,41.630150,-4.717340,140
Verde_0,41.630080,-4.717410,141
Verde_0,41.629530,-4.718590,142
Verde_0,41.629410,-4.718910,143
Verde_0,41.629490,-4.718980,144
Verde_0,41.629530,-4.719050,145
Verde_0,41.629560,-4.719180,146
Verde_0,41.629550,-4.719310,147
Verde_0,41.629510,-4.719410,148
Verde_0,41.629090,-4.719080,149
Verde_0,41.628870,-4.718940,150
Verde_0,41.628080,-4.718560,151
Verde_0,41.626810,-4.718060,152
Verde_0,41.626790,-4.718120,153
Verde_0,41.626740,-4.718200,154
Verde_0,41.626680,-4.718260,155
Verde_0,41.626630,-4.718270,156
Verde_0,41.626520,-4.718260,157
Verde_0,41.626400,-4.718170,158
Verde_0,41.626340,-4.718070,159
Verde_0,41.626310,-4.717940,160
Verde_0,41.626320,-4.717800,161
Verde_0,41.626370,-4.717670,162
Verde_0,41.626470,-4.717560,163
Verde_0,41.626550,-4.717520,164
Verde_0,41.626650,-4.717510,165
Verde_0,41.626700,-4.717530,166
Verde_0,41.626760,-4.717580,167
Verde_0,41.626820,-4.717670,168
Verde_0,41.626840,-4.717720,169
Verde_0,41.626850,-4.717790,170
Verde_0,41.626850,-4.717890,171
Verde_0,41.626820,-4.718040,172
Verde_0,41.626810,-4.718060,173
Verde_0,41.624480,-4.717140,174
Verde_0,41.623790,-4.716810,175
Verde_0,41.623220,-4.716580,176
Verde_0,41.622650,-4.716360,177
Verde_0,41.622100,-4.716180,178
Verde_0,41.621830,-4.716150,179
Verde_0,41.621510,-4.716180,180
Verde_0,41.621050,-4.716280,181
Verde_0,41.621020,-4.716320,182
Verde_0,41.620940,-4.716380,183
Verde_0,41.620820,-4.716440,184
Verde_0,41.620690,-4.716460,185
Verde_0,41.620520,-4.716420,186
Verde_0,41.620410,-4.716340,187
Verde_0,41.620350,-4.716280,188
Verde_0,41.620250,-4.716050,189
Verde_0,41.620230,-4.715950,190
Verde_0,41.620220,-4.715930,191
Verde_0,41.620220,-4.715910,192
Verde_0,41.620110,-4.715800,193
Verde_0,41.619970,-4.715770,194
Verde_0,41.619620,-4.715780,195
Verde_0,41.619420,-4.715770,196
Verde_0,41.619140,-4.715730,197
Verde_0,41.618960,-4.715700,198
Verde_0,41.618470,-4.715530,199
Verde_0,41.618140,-4.715370,200
Verde_0,41.617800,-4.715170,201
Verde_0,41.616410,-4.714160,202
Verde_0,41.615510,-4.713590,203
Verde_0,41.615400,-4.713540,204
Verde_0,41.615080,-4.713360,205
Verde_0,41.614770,-4.713220,206
Verde_0,41.614400,-4.713110,207
Verde_0,41.614230,-4.713090,208
Verde_0,41.613890,-4.713100,209
Verde_0,41.613560,-4.713160,210
Verde_0,41.613220,-4.713200,211
Verde_0,41.613000,-4.713180,212
Verde_0,41.612960,-4.713280,213
Verde_0,41.612930,-4.713330,214
Verde_0,41.612860,-4.713400,215
Verde_0,41.612740,-4.713480,216
Verde_0,41.612670,-4.713590,217
Verde_0,41.612610,-4.713710,218
Verde_0,41.612310,-4.714860,219
Verde_0,41.611790,-4.717040,220
Verde_0,41.611720,-4.717130,221
Verde_0,41.611280,-4.719470,222
Verde_0,41.611050,-4.720480,223
Verde_0,41.610440,-4.722740,224
Verde_0,41.610200,-4.723480,225
Verde_0,41.610190,-4.723540,226
Verde_0,41.609580,-4.725350,227
Verde_0,41.609520,-4.725480,228
Verde_0,41.607800,-4.730150,229
Verde_0,41.607040,-4.732550,230
Verde_0,41.606450,-4.734840,231
Verde_0,41.606320,-4.735420,232
Verde_0,41.606010,-4.737030,233
Verde_0,41.605740,-4.738770,234
Verde_0,41.605590,-4.740530,235
Verde_0,41.605550,-4.741840,236
Verde_0,41.605560,-4.742690,237
Verde_0,41.605600,-4.743480,238
Verde_0,41.605660,-4.744130,239
Verde_0,41.605840,-4.745470,240
Verde_0,41.606070,-4.746630,241
Verde_0,41.606360,-4.747800,242
Verde_0,41.607770,-4.752770,243
Verde_0,41.608000,-4.753720,244
Verde_0,41.608160,-4.754510,245
Verde_0,41.608350,-4.755920,246
Verde_0,41.608410,-4.756820,247
Verde_0,41.608420,-4.758220,248
Verde_0,41.608380,-4.759880,249
Verde_0,41.608400,-4.761200,250
Verde_0,41.608460,-4.762260,251
Verde_0,41.608520,-4.762860,252
Verde_0,41.608660,-4.763840,253
Verde_0,41.608810,-4.764630,254
Verde_0,41.609090,-4.765760,255
Verde_0,41.609320,-4.766510,256
Verde_0,41.609590,-4.767290,257
Verde_0,41.610020,-4.768320,258
Verde_0,41.610770,-4.769820,259
Verde_0,41.611350,-4.770800,260
Verde_0,41.612110,-4.771970,261
Verde_0,41.612660,-4.772760,262
Verde_0,41.613320,-4.773590,263
Verde_0,41.614240,-4.774610,264
Verde_0,41.615300,-4.775670,265
Verde_0,41.617470,-4.777930,266
Verde_0,41.617660,-4.778030,267
Verde_0,41.618100,-4.778420,268
Verde_0,41.618910,-4.779180,269
Verde_0,41.619570,-4.779850,270
Verde_0,41.619690,-4.779930,271
Verde_0,41.619890,-4.779990,272
Verde_0,41.619990,-4.780000,273
Verde_0,41.620280,-4.779840,274
Verde_0,41.621910,-4.775170,275
Verde_0,41.621970,-4.774950,276
Verde_0,41.621980,-4.774870,277
Verde_0,41.621980,-4.774720,278
Verde_0,41.621920,-4.774670,279
Verde_0,41.621900,-4.774620,280
Verde_0,41.621900,-4.774560,281
Verde_0,41.621950,-4.774380,282
Verde_0,41.621990,-4.774330,283
Verde_0,41.622030,-4.774310,284
Verde_0,41.622090,-4.774310,285
Verde_0,41.622140,-4.774330,286
Verde_0,41.622150,-4.774350,287
Verde_0,41.622220,-4.774220,288
Verde_0,41.623970,-4.769220,289
Verde_0,41.624110,-4.768890,290
Verde_0,41.624020,-4.768770,291
Verde_0,41.623980,-4.768580,292
Verde_0,41.623990,-4.768520,293
Verde_0,41.624010,-4.768470,294
Verde_0,41.624090,-4.768370,295
Verde_0,41.624160,-4.768330,296
Verde_0,41.624290,-4.768340,297
Verde_0,41.624360,-4.768380,298
Verde_0,41.624420,-4.768450,299
Verde_0,41.624450,-4.768510,300
Verde_0,41.624470,-4.768600,301
Verde_0,41.624480,-4.768670,302
Verde_0,41.624470,-4.768760,303
Verde_0,41.624450,-4.768810,304
Verde_0,41.624410,-4.768870,305
Verde_0,41.624350,-4.768920,306
Verde_0,41.624260,-4.768950,307
Verde_0,41.624190,-4.768940,308
Verde_0,41.624070,-4.769220,309
Verde_0,41.624070,-4.769450,310
Verde_0,41.624040,-4.769560,311
Verde_0,41.623070,-4.772240,312
Verde_0,41.624300,-4.772930,313
Verde_0,41.624540,-4.773280,314
Verde_0,41.624600,-4.773350,315
Verde_0,41.624840,-4.773730,316
Verde_0,41.624900,-4.773750,317
Verde_0,41.625510,-4.773830,318
Verde_0,41.625310,-4.775290,319
Verde_0,41.625080,-4.776000,320
Verde_0,41.625060,-4.776120,321
Verde_0,41.625090,-4.776140,322
Verde_0,41.625110,-4.776170,323
Verde_0,41.625140,-4.776280,324
Verde_0,41.625130,-4.776400,325
Verde_0,41.625090,-4.776470,326
Verde_0,41.625020,-4.776530,327
Verde_0,41.624990,-4.776540,328
Verde_0,41.624930,-4.776530,329
Verde_0,41.624500,-4.777800,330
Verde_0,41.624120,-4.778760,331
Verde_0,41.624030,-4.779020,332
Verde_0,41.623880,-4.779600,333
Verde_0,41.623920,-4.779660,334
Verde_0,41.623940,-4.779740,335
Verde_0,41.623940,-4.779810,336
Verde_0,41.623920,-4.779890,337
Verde_0,41.623860,-4.779970,338
Verde_0,41.623820,-4.779990,339
Verde_0,41.623740,-4.779990,340
Verde_0,41.623620,-4.780270,341
Verde_0,41.623160,-4.781570,342
Verde_0,41.622950,-4.782250,343
Verde_0,41.622610,-4.783220,344
Verde_0,41.622370,-4.783980,345
Verde_0,41.621970,-4.785160,346
Verde_0,41.621760,-4.785690,347
Verde_0,41.621650,-4.786070,348
Verde_0,41.620270,-4.790000,349
Verde_0,41.620260,-4.790010,350
Verde_0,41.618100,-4.796220,351
Verde_0,41.618140,-4.796280,352
Verde_0,41.618150,-4.796360,353
Verde_0,41.618160,-4.796370,354
Verde_0,41.618140,-4.796480,355
Verde_0,41.618100,-4.796540,356
Verde_0,41.618060,-4.796560,357
Verde_0,41.618080,-4.797420,358
Verde_0,41.618150,-4.797740,359
Verde_0,41.618200,-4.797890,360
Verde_0,41.619130,-4.799450,361
Verde_0,41.619130,-4.799440,362
Verde_0,41.619190,-4.799440,363
Verde_0,41.619260,-4.799500,364
Verde_0,41.619260,-4.799520,365
Verde_0,41.619270,-4.799520,366
Verde_0,41.619270,-4.799540,367
Verde_0,41.619280,-4.799550,368
Verde_0,41.619280,-4.799670,369
Verde_0,41.619270,-4.799670,370
Verde_0,41.619260,-4.799710,371
Verde_0,41.619240,-4.799730,372
Verde_0,41.620540,-4.801790,373
Verde_0,41.620610,-4.801870,374
Verde_0,41.620650,-4.801860,375
Verde_0,41.620730,-4.801890,376
Verde_0,41.620780,-4.801960,377
Verde_0,41.620810,-4.802080,378
Verde_0,41.620780,-4.802190,379
Verde_0,41.620820,-4.802270,380
Verde_0,41.620840,-4.802350,381
Verde_0,41.621990,-4.804380,382
Verde_0,41.621990,-4.804300,383
Verde_0,41.622200,-4.804760,384
Verde_0,41.622250,-4.804730,385
Verde_0,41.622310,-4.804730,386
Verde_0,41.622380,-4.804770,387
Verde_0,41.622420,-4.804840,388
Verde_0,41.622420,-4.804870,389
Verde_0,41.622430,-4.804880,390
Verde_0,41.622430,-4.804990,391
Verde_0,41.622390,-4.805080,392
Verde_0,41.622330,-4.805130,393
Verde_0,41.622260,-4.805140,394
Verde_0,41.622210,-4.805120,395
Verde_0,41.622180,-4.805090,396
Verde_0,41.621460,-4.806430,397
Verde_0,41.620370,-4.808300,398
Verde_0,41.620390,-4.808310,399
Verde_0,41.620420,-4.808390,400
Verde_0,41.620430,-4.808400,401
Verde_0,41.620430,-4.808520,402
Verde_0,41.620420,-4.808530,403
Verde_0,41.620390,-4.808610,404
Verde_0,41.620320,-4.808660,405
Verde_0,41.620250,-4.808660,406
Verde_0,41.620210,-4.808640,407
Verde_0,41.620190,-4.808610,408
Verde_0,41.619470,-4.809880,409
Verde_0,41.618560,-4.811530,410
Verde_0,41.618630,-4.811640,411
Verde_0,41.618640,-4.811690,412
Verde_0,41.618640,-4.811770,413
Verde_0,41.618620,-4.811850,414
Verde_0,41.618580,-4.811910,415
Verde_0,41.618540,-4.811940,416
Verde_0,41.618460,-4.811970,417
Verde_0,41.618360,-4.811930,418
Verde_0,41.618350,-4.811910,419
Verde_0,41.618140,-4.812300,420
Verde_0,41.618080,-4.812450,421
Verde_0,41.618060,-4.812770,422
Verde_0,41.618070,-4.812810,423
Verde_0,41.618080,-4.812820,424
Verde_0,41.618080,-4.812930,425
Verde_0,41.618070,-4.812940,426
Verde_0,41.618060,-4.812990,427
Verde_0,41.618040,-4.813020,428
Verde_0,41.618030,-4.813050,429
Verde_0,41.617960,-4.813100,430
Verde_0,41.617900,-4.813110,431
Verde_0,41.617810,-4.813070,432
Verde_0,41.617750,-4.812970,433
Verde_0,41.617740,-4.812930,434
Verde_0,41.617740,-4.812820,435
Verde_0,41.617760,-4.812770,436
Verde_0,41.617640,-4.812270,437
Verde_0,41.617200,-4.810950,438
Verde_0,41.616410,-4.808700,439
Verde_0,41.615470,-4.805780,440
Verde_0,41.615360,-4.805490,441
Verde_0,41.615300,-4.805360,442
Verde_0,41.615220,-4.805240,443
Verde_0,41.615080,-4.805270,444
Verde_0,41.614980,-4.805240,445
Verde_0,41.614890,-4.805180,446
Verde_0,41.614810,-4.805070,447
Verde_0,41.614770,-4.804950,448
Verde_0,41.614750,-4.804740,449
Verde_0,41.614810,-4.804540,450
Verde_0,41.614820,-4.804530,451
Verde_0,41.614790,-4.804340,452
Verde_0,41.614660,-4.804060,453
Verde_0,41.614020,-4.803230,454
Verde_0,41.613560,-4.802600,455
Verde_0,41.613340,-4.802280,456
Verde_0,41.613230,-4.802090,457
Verde_0,41.613180,-4.802010,458
Verde_0,41.613140,-4.801900,459
Verde_0,41.612680,-4.800800,460
Verde_0,41.612580,-4.800270,461
Verde_0,41.612550,-4.800240,462
Verde_0,41.612490,-4.800110,463
Verde_0,41.612480,-4.800040,464
Verde_0,41.612490,-4.799890,465
Verde_0,41.612550,-4.799770,466
Verde_0,41.612600,-4.799460,467
Verde_0,41.612650,-4.799290,468
Verde_0,41.612700,-4.799210,469
Verde_0,41.613080,-4.798460,470
Verde_0,41.613470,-4.797660,471
Verde_0,41.613620,-4.797380,472
Verde_0,41.613710,-4.797170,473
Verde_0,41.613760,-4.797010,474
Verde_0,41.613790,-4.796790,475
Verde_0,41.613780,-4.796590,476
Verde_0,41.613740,-4.796420,477
Verde_0,41.613620,-4.796210,478
Verde_0,41.613510,-4.796060,479
Verde_0,41.613310,-4.795860,480
Verde_0,41.613130,-4.795690,481
Verde_0,41.612600,-4.795250,482
Verde_0,41.612330,-4.795000,483
Verde_0,41.612260,-4.794970,484
Verde_0,41.612100,-4.794830,485
Verde_0,41.612040,-4.794750,486
Verde_0,41.612000,-4.794750,487
Verde_0,41.611970,-4.794720,488
Verde_0,41.611720,-4.794680,489
Verde_0,41.611620,-4.794680,490
Verde_0,41.611510,-4.794710,491
Verde_0,41.611390,-4.794770,492
Verde_0,41.611200,-4.794920,493
Verde_0,41.611110,-4.795040,494
Verde_0,41.611040,-4.795170,495
Verde_0,41.610990,-4.795300,496
Verde_0,41.610940,-4.795480,497
Verde_0,41.610920,-4.795650,498
Verde_0,41.610920,-4.795840,499
Verde_0,41.610950,-4.796020,500
Verde_0,41.611090,-4.796470,501
Verde_0,41.611180,-4.796790,502
Verde_0,41.611210,-4.796880,503
Verde_0,41.611250,-4.796850,504
Verde_0,41.611280,-4.796850,505
Verde_0,41.611280,-4.796840,506
Verde_0,41.611320,-4.796850,507
Verde_0,41.611370,-4.796890,508
Verde_0,41.611390,-4.796950,509
Verde_0,41.611380,-4.797060,510
Verde_0,41.611370,-4.797060,511
Verde_0,41.611370,-4.797080,512
Verde_0,41.611330,-4.797120,513
Verde_0,41.611260,-4.797130,514
Verde_0,41.611220,-4.797110,515
Verde_0,41.611210,-4.797090,516
Verde_0,41.611170,-4.797110,517
Verde_0,41.611210,-4.797090,518
Verde_0,41.611190,-4.797060,519
Verde_0,41.611190,-4.797040,520
Verde_0,41.611180,-4.797040,521
Verde_0,41.611180,-4.796940,522
Verde_0,41.611210,-4.796880,523
Verde_0,41.610950,-4.796020,524
Verde_0,41.610920,-4.795840,525
Verde_0,41.610920,-4.795650,526
Verde_0,41.610940,-4.795480,527
Verde_0,41.610990,-4.795300,528
Verde_0,41.611040,-4.795170,529
Verde_0,41.611110,-4.795040,530
Verde_0,41.611200,-4.794920,531
Verde_0,41.611390,-4.794770,532
Verde_0,41.611510,-4.794710,533
Verde_0,41.611620,-4.794680,534
Verde_0,41.611660,-4.794540,535
Verde_0,41.611660,-4.794480,536
Verde_0,41.611650,-4.794370,537
Verde_0,41.611510,-4.794300,538
Verde_0,41.611360,-4.794180,539
Verde_0,41.611270,-4.794090,540
Verde_0,41.611220,-4.794120,541
Verde_0,41.611120,-4.794110,542
Verde_0,41.611050,-4.794040,543
Verde_0,41.611030,-4.794000,544
Verde_0,41.611020,-4.793960,545
Verde_0,41.611020,-4.793830,546
Verde_0,41.611040,-4.793770,547
Verde_0,41.611120,-4.793690,548
Verde_0,41.611030,-4.792320,549
Verde_0,41.610920,-4.792290,550
Verde_0,41.610860,-4.792220,551
Verde_0,41.610840,-4.792140,552
Verde_0,41.610830,-4.792120,553
Verde_0,41.610830,-4.791990,554
Verde_0,41.610850,-4.791960,555
Verde_0,41.610860,-4.791920,556
Verde_0,41.610890,-4.791870,557
Verde_0,41.610960,-4.791820,558
Verde_0,41.611010,-4.791820,559
Verde_0,41.610960,-4.791180,560
Verde_0,41.610940,-4.790870,561
Verde_0,41.610940,-4.790820,562
Verde_0,41.610970,-4.790700,563
Verde_0,41.612250,-4.787800,564
Verde_0,41.612350,-4.787600,565
Verde_0,41.612600,-4.787000,566
Verde_0,41.612780,-4.786620,567
Verde_0,41.613000,-4.786120,568
Verde_0,41.613110,-4.785990,569
Verde_0,41.613490,-4.785640,570
Verde_0,41.613040,-4.784690,571
Verde_0,41.612970,-4.784740,572
Verde_0,41.612740,-4.784850,573
Verde_0,41.612650,-4.784840,574
Verde_0,41.612430,-4.784780,575
Verde_0,41.612370,-4.784750,576
Verde_0,41.611840,-4.784320,577
Verde_0,41.612160,-4.783590,578
Verde_0,41.612350,-4.783300,579
Verde_0,41.612500,-4.783130,580
Verde_0,41.613720,-4.782090,581
Verde_0,41.617170,-4.779220,582
Verde_0,41.617520,-4.778910,583
Verde_0,41.617720,-4.778650,584
Verde_0,41.617770,-4.778570,585
Verde_0,41.617800,-4.778430,586
Verde_0,41.617870,-4.778230,587
Verde_0,41.617940,-4.777980,588
Verde_0,41.617960,-4.777950,589
Verde_0,41.618720,-4.775690,590
RioSh_0,41.64482,-4.73305,0
RioSh_0,41.644540000000006,-4.7324,1
RioSh_0,41.644360000000006,-4.731400000000001,2
RioSh_0,41.6435,-4.7317,3
RioSh_0,41.64309,-4.7319,4
RioSh_0,41.64282,-4.731990000000001,5
RioSh_0,41.64247,-4.73203,6
RioSh_0,41.64231,-4.73184,7
RioSh_0,41.64162,-4.7316,8
RioSh_0,41.641380000000005,-4.731540000000001,9
RioSh_0,41.64121,-4.73149,10
RioSh_0,41.641180000000006,-4.731540000000001,11
RioSh_0,41.641160000000006,-4.732010000000001,12
RioSh_0,41.64115,-4.73238,13
RioSh_0,41.64121,-4.7324,14
RioSh_0,41.64128,-4.7324,15
RioSh_0,41.64141,-4.7324600000000006,16
RioSh_0,41.64153,-4.73251,17
RioSh_0,41.64164,-4.73261,18
RioSh_0,41.64181000000001,-4.733160000000001,19
RioSh_0,41.64181000000001,-4.73324,20
RioSh_0,41.641780000000004,-4.73329,21
RioSh_0,41.64175,-4.73329,22
RioSh_0,41.64171,-4.733280000000001,23
RioSh_0,41.64152,-4.732690000000001,24
RioSh_0,41.64134000000001,-4.7325800000000005,25
RioSh_0,41.64117,-4.73252,26
RioSh_0,41.64115,-4.7325800000000005,27
RioSh_0,41.641130000000004,-4.732740000000001,28
RioSh_0,41.64083,-4.737690000000001,29
RioSh_0,41.63761,-4.73899,30
RioSh_0,41.63564,-4.739680000000001,31
RioSh_0,41.63524,-4.739800000000001,32
RioSh_0,41.632830000000006,-4.740220000000001,33
RioSh_0,41.63378,-4.748900000000001,34
RioSh_0,41.63383,-4.7491900000000005,35
RioSh_0,41.63391,-4.74939,36
RioSh_0,41.634040000000006,-4.749440000000001,37
RioSh_0,41.63414,-4.74959,38
RioSh_0,41.63374,-4.749980000000001,39
RioSh_0,41.63271,-4.751270000000001,40
RioSh_0,41.630010000000006,-4.75398,41
RioSh_0,41.629490000000004,-4.75459,42
RioSh_0,41.628910000000005,-4.75549,43
RioSh_0,41.62868,-4.75598,44
RioSh_0,41.62836,-4.7567900000000005,45
RioSh_0,41.627930000000006,-4.75806,46
RioSh_0,41.627930000000006,-4.75847,47
RioSh_0,41.627950000000006,-4.758730000000001,48
RioSh_0,41.62820000000001,-4.759250000000001,49
RioSh_0,41.628400000000006,-4.759440000000001,50
RioSh_0,41.629250000000006,-4.76006,51
RioSh_0,41.629630000000006,-4.7604500000000005,52
RioSh_0,41.629720000000006,-4.76041,53
RioSh_0,41.62988,-4.76044,54
RioSh_0,41.63002,-4.76032,55
RioSh_0,41.63055000000001,-4.759580000000001,56
RioSh_0,41.63078,-4.75985,57
RioSh_0,41.631260000000005,-4.760610000000001,58
RioSh_0,41.63152,-4.76114,59
RioSh_0,41.63179,-4.7618,60
RioSh_0,41.63195,-4.762320000000001,61
RioSh_0,41.632180000000005,-4.7634300000000005,62
RioSh_0,41.63248,-4.76635,63
RioSh_0,41.631750000000004,-4.766520000000001,64
RioSh_0,41.63156,-4.766640000000001,65
RioSh_0,41.631530000000005,-4.76672,66
RioSh_0,41.631440000000005,-4.76681,67
RioSh_0,41.63159,-4.7685200000000005,68
RioSh_0,41.6317,-4.7692000000000005,69
RioSh_0,41.63181,-4.769620000000001,70
RioSh_0,41.63203,-4.77029,71
RioSh_0,41.632270000000005,-4.770840000000001,72
RioSh_0,41.633790000000005,-4.773580000000001,73
RioSh_0,41.633880000000005,-4.77369,74
RioSh_0,41.63425,-4.77392,75
RioSh_0,41.63432,-4.77404,76
RioSh_0,41.63434,-4.774190000000001,77
RioSh_0,41.6343,-4.7743400000000005,78
RioSh_0,41.63458000000001,-4.7750900000000005,79
RioSh_0,41.6349,-4.776280000000001,80
RioSh_0,41.635020000000004,-4.77662,81
RioSh_0,41.635180000000005,-4.776820000000001,82
RioSh_0,41.63535,-4.776940000000001,83
RioSh_0,41.63542,-4.77712,84
RioSh_0,41.63542,-4.777340000000001,85
RioSh_0,41.63534000000001,-4.77759,86
RioSh_0,41.63532,-4.77892,87
RioSh_0,41.63505000000001,-4.78233,88
RioSh_0,41.63485,-4.7834900000000005,89
RioSh_0,41.634550000000004,-4.7847100000000005,90
RioSh_0,41.63427,-4.7856000000000005,91
RioSh_0,41.63434,-4.78575,92
RioSh_0,41.634350000000005,-4.78603,93
RioSh_0,41.634310000000006,-4.78615,94
RioSh_0,41.634150000000005,-4.786320000000001,95
RioSh_0,41.634040000000006,-4.7863500000000005,96
RioSh_0,41.63394,-4.78634,97
RioSh_0,41.63385,-4.78629,98
RioSh_0,41.633720000000004,-4.786090000000001,99
RioSh_0,41.63369,-4.78596,100
RioSh_0,41.633700000000005,-4.78577,101
RioSh_0,41.63354,-4.7856700000000005,102
RioSh_0,41.6319,-4.784730000000001,103
RioSh_0,41.63174,-4.78484,104
RioSh_0,41.63158000000001,-4.78481,105
RioSh_0,41.631190000000004,-4.78659,106
RioSh_0,41.6313,-4.78671,107
RioSh_0,41.63132,-4.78687,108
RioSh_0,41.63125,-4.78702,109
RioSh_0,41.63114,-4.7870800000000004,110
RioSh_0,41.630750000000006,-4.788900000000001,111
RioSh_0,41.63082,-4.78903,112
RioSh_0,41.63082,-4.789210000000001,113
RioSh_0,41.63073000000001,-4.78934,114
RioSh_0,41.630630000000004,-4.789370000000001,115
RioSh_0,41.63051,-4.78931,116
RioSh_0,41.63046000000001,-4.78924,117
RioSh_0,41.63044,-4.789070000000001,118
RioSh_0,41.629580000000004,-4.788950000000001,119
RioSh_0,41.62951,-4.7890500000000005,120
RioSh_0,41.62944,-4.7890500000000005,121
RioSh_0,41.62917,-4.7898700000000005,122
RioSh_0,41.628420000000006,-4.789370000000001,123
RioSh_0,41.628150000000005,-4.78816,124
RioSh_0,41.62816,-4.7877600000000005,125
RioSh_1,41.62816,-4.7877600000000005,0
RioSh_1,41.628170000000004,-4.7875700000000005,1
RioSh_1,41.62818,-4.7874300000000005,2
RioSh_1,41.628220000000006,-4.787330000000001,3
RioSh_1,41.62827,-4.78723,4
RioSh_1,41.628370000000004,-4.787050000000001,5
RioSh_1,41.62866,-4.786510000000001,6
RioSh_1,41.62874,-4.78657,7
RioSh_1,41.628820000000005,-4.78659,8
RioSh_1,41.62923000000001,-4.786630000000001,9
RioSh_1,41.6293,-4.78667,10
RioSh_1,41.629690000000004,-4.7866800000000005,11
RioSh_1,41.629690000000004,-4.78667,12
RioSh_1,41.629690000000004,-4.78664,13
RioSh_1,41.62970000000001,-4.78662,14
RioSh_1,41.62973,-4.786580000000001,15
RioSh_1,41.62977,-4.786560000000001,16
RioSh_1,41.629850000000005,-4.78657,17
RioSh_1,41.629900000000006,-4.78666,18
RioSh_1,41.629900000000006,-4.78671,19
RioSh_1,41.63036,-4.78674,20
RioSh_1,41.630950000000006,-4.786770000000001,21
RioSh_1,41.63096,-4.7867500000000005,22
RioSh_1,41.630970000000005,-4.786720000000001,23
RioSh_1,41.63098,-4.7866800000000005,24
RioSh_1,41.63103,-4.78662,25
RioSh_1,41.631080000000004,-4.78659,26
RioSh_1,41.63111000000001,-4.786580000000001,27
RioSh_1,41.63149000000001,-4.7847,28
RioSh_1,41.63145,-4.784560000000001,29
RioSh_1,41.63145,-4.784400000000001,30
RioSh_1,41.63147,-4.784350000000001,31
RioSh_1,41.63149000000001,-4.78429,32
RioSh_1,41.631600000000006,-4.784190000000001,33
RioSh_1,41.63168,-4.78416,34
RioSh_1,41.631780000000006,-4.7841700000000005,35
RioSh_1,41.631890000000006,-4.78427,36
RioSh_1,41.63195,-4.78441,37
RioSh_1,41.63195,-4.784560000000001,38
RioSh_1,41.63195,-4.7846,39
RioSh_1,41.632270000000005,-4.78479,40
RioSh_1,41.633770000000005,-4.785620000000001,41
RioSh_1,41.63385,-4.7855300000000005,42
RioSh_1,41.63394,-4.785480000000001,43
RioSh_1,41.634040000000006,-4.7854600000000005,44
RioSh_1,41.63414,-4.785480000000001,45
RioSh_1,41.634260000000005,-4.785170000000001,46
RioSh_1,41.634460000000004,-4.78467,47
RioSh_1,41.634550000000004,-4.784330000000001,48
RioSh_1,41.634780000000006,-4.7834,49
RioSh_1,41.63486,-4.7829500000000005,50
RioSh_1,41.63497,-4.78225,51
RioSh_1,41.635040000000004,-4.78174,52
RioSh_1,41.63517,-4.7801100000000005,53
RioSh_1,41.635250000000006,-4.778860000000001,54
RioSh_1,41.63524,-4.778160000000001,55
RioSh_1,41.63521,-4.77794,56
RioSh_1,41.63519,-4.77787,57
RioSh_1,41.635110000000005,-4.777710000000001,58
RioSh_1,41.635000000000005,-4.777620000000001,59
RioSh_1,41.63492,-4.77756,60
RioSh_1,41.63486,-4.77747,61
RioSh_1,41.634820000000005,-4.77737,62
RioSh_1,41.63481,-4.77725,63
RioSh_1,41.634820000000005,-4.77707,64
RioSh_1,41.6349,-4.77691,65
RioSh_1,41.6349,-4.7767100000000005,66
RioSh_1,41.63486,-4.77653,67
RioSh_1,41.63476,-4.776120000000001,68
RioSh_1,41.634570000000004,-4.775390000000001,69
RioSh_1,41.634310000000006,-4.774710000000001,70
RioSh_1,41.634130000000006,-4.774500000000001,71
RioSh_1,41.63407,-4.774520000000001,72
RioSh_1,41.633990000000004,-4.77451,73
RioSh_1,41.63391,-4.774450000000001,74
RioSh_1,41.63387,-4.774380000000001,75
RioSh_1,41.633810000000004,-4.77416,76
RioSh_1,41.63383,-4.77402,77
RioSh_1,41.63376,-4.773700000000001,78
RioSh_1,41.633660000000006,-4.77352,79
RioSh_1,41.632940000000005,-4.772220000000001,80
RioSh_1,41.63219,-4.77087,81
RioSh_1,41.63197,-4.770390000000001,82
RioSh_1,41.631780000000006,-4.769830000000001,83
RioSh_1,41.631620000000005,-4.769170000000001,84
RioSh_1,41.63152,-4.7683800000000005,85
RioSh_1,41.63136,-4.76682,86
RioSh_1,41.631310000000006,-4.76682,87
RioSh_1,41.63123,-4.766780000000001,88
RioSh_1,41.631170000000004,-4.7666900000000005,89
RioSh_1,41.63114,-4.76658,90
RioSh_1,41.63114,-4.76647,91
RioSh_1,41.631170000000004,-4.766360000000001,92
RioSh_1,41.63123,-4.76628,93
RioSh_1,41.631310000000006,-4.766240000000001,94
RioSh_1,41.631350000000005,-4.76623,95
RioSh_1,41.631420000000006,-4.76623,96
RioSh_1,41.63149000000001,-4.7662700000000005,97
RioSh_1,41.63152,-4.766310000000001,98
RioSh_1,41.63172,-4.76637,99
RioSh_1,41.63181,-4.76637,100
RioSh_1,41.632220000000004,-4.76628,101
RioSh_1,41.632470000000005,-4.76623,102
RioSh_1,41.63242,-4.765750000000001,103
RioSh_1,41.6323,-4.76459,104
RioSh_1,41.632200000000005,-4.7636400000000005,105
RioSh_1,41.632130000000004,-4.763140000000001,106
RioSh_1,41.6321,-4.76297,107
RioSh_1,41.63195,-4.762320000000001,108
RioSh_1,41.63179,-4.7618,109
RioSh_1,41.63152,-4.76114,110
RioSh_1,41.631260000000005,-4.760610000000001,111
RioSh_1,41.631040000000006,-4.76023,112
RioSh_1,41.63078,-4.75985,113
RioSh_1,41.63055000000001,-4.759580000000001,114
RioSh_1,41.630430000000004,-4.75976,115
RioSh_1,41.63006,-4.760280000000001,116
RioSh_1,41.63004,-4.760330000000001,117
RioSh_1,41.630010000000006,-4.760400000000001,118
RioSh_1,41.629960000000004,-4.76053,119
RioSh_1,41.62997,-4.76055,120
RioSh_1,41.62999000000001,-4.7606,121
RioSh_1,41.63,-4.76071,122
RioSh_1,41.62998,-4.76081,123
RioSh_1,41.62991,-4.76091,124
RioSh_1,41.629780000000004,-4.76076,125
RioSh_1,41.629180000000005,-4.760140000000001,126
RioSh_1,41.62820000000001,-4.759440000000001,127
RioSh_1,41.62811000000001,-4.75938,128
RioSh_1,41.627970000000005,-4.75935,129
RioSh_1,41.62774,-4.759320000000001,130
RioSh_1,41.627680000000005,-4.75935,131
RioSh_1,41.62755000000001,-4.7593700000000005,132
RioSh_1,41.62745,-4.759340000000001,133
RioSh_1,41.627410000000005,-4.759320000000001,134
RioSh_1,41.62789,-4.75788,135
RioSh_1,41.62829000000001,-4.7567200000000005,136
RioSh_1,41.6285,-4.756150000000001,137
RioSh_1,41.62888,-4.755330000000001,138
RioSh_1,41.62906,-4.75501,139
RioSh_1,41.62944,-4.754440000000001,140
RioSh_1,41.629630000000006,-4.75419,141
RioSh_1,41.6302,-4.753570000000001,142
RioSh_1,41.63120000000001,-4.752560000000001,143
RioSh_1,41.632780000000004,-4.750970000000001,144
RioSh_1,41.63306,-4.750660000000001,145
RioSh_1,41.633160000000004,-4.75054,146
RioSh_1,41.633500000000005,-4.750100000000001,147
RioSh_1,41.633660000000006,-4.74969,148
RioSh_1,41.633720000000004,-4.749510000000001,149
RioSh_1,41.633720000000004,-4.74892,150
RioSh_1,41.63367,-4.74844,151
RioSh_1,41.63356,-4.74746,152
RioSh_1,41.63315,-4.74364,153
RioSh_1,41.63309,-4.74303,154
RioSh_1,41.633,-4.74247,155
RioSh_1,41.63288,-4.7414700000000005,156
RioSh_1,41.63275,-4.74024,157
RioSh_1,41.632740000000005,-4.7401,158
RioSh_1,41.63282,-4.74009,159
RioSh_1,41.633300000000006,-4.74,160
RioSh_1,41.63396,-4.7399000000000004,161
RioSh_1,41.635180000000005,-4.73967,162
RioSh_1,41.63539,-4.739610000000001,163
RioSh_1,41.63575,-4.73949,164
RioSh_1,41.63731000000001,-4.73897,165
RioSh_1,41.63772,-4.73883,166
RioSh_1,41.63875,-4.7384200000000005,167
RioSh_1,41.639790000000005,-4.73793,168
RioSh_1,41.640240000000006,-4.737710000000001,169
RioSh_1,41.6407,-4.7375300000000005,170
RioSh_1,41.64076,-4.73751,171
RioSh_1,41.64126,-4.737360000000001,172
RioSh_1,41.64175,-4.737170000000001,173
RioSh_1,41.642250000000004,-4.7369200000000005,174
RioSh_1,41.64269,-4.73658,175
RioSh_1,41.64338,-4.735720000000001,176
RioSh_1,41.644070000000006,-4.7348300000000005,177
RioSh_1,41.64412,-4.73479,178
RioSh_1,41.64457,-4.7342,179
RioSh_1,41.645,-4.73362,180
RioSh_1,41.645050000000005,-4.73355,181
RioSh_1,41.645050000000005,-4.733510000000001,182
RioSh_1,41.644830000000006,-4.73308,183